,GEO_0,GEO_1,GEO_2,workers_tot,drive_alone_pct,carpool_pct,pub_trans_pct,walk_pct,bike_pct,taxi_moto_pct,wfh_pct,mean_travel_time
0,Ohio,,,5608273,75.1,7.5,1.0,2.0,0.3,1.2,13.0,23.4
0,Ohio,Adams County,,10260,84.6,7.8,0.2,1.2,0.1,0.8,5.3,36.4
1,Ohio,Allen County,,44960,82.8,8.9,0.4,1.2,0.4,1.5,4.8,18.7
2,Ohio,Ashland County,,24095,80.6,8.5,0.1,2.6,0.4,1.4,6.5,23.9
3,Ohio,Ashtabula County,,41002,78.2,11.0,0.4,1.3,0.2,3.2,5.8,27.0
4,Ohio,Athens County,,27582,65.2,9.7,0.7,9.9,0.7,0.6,13.1,24.1
5,Ohio,Auglaize County,,23118,84.3,6.4,0.0,2.0,0.5,1.0,5.9,18.8
6,Ohio,Belmont County,,27830,83.9,6.7,0.1,1.8,0.0,0.5,6.9,25.1
7,Ohio,Brown County,,18638,81.8,10.0,0.5,0.3,0.1,0.9,6.5,33.9
8,Ohio,Butler County,,185991,75.1,8.1,0.3,1.7,0.3,1.0,13.3,24.3
9,Ohio,Carroll County,,11062,75.6,9.2,0.1,3.6,0.2,3.4,7.9,31.5
10,Ohio,Champaign County,,18327,81.0,7.5,0.1,1.7,0.1,1.2,8.4,27.1
11,Ohio,Clark County,,58288,78.5,8.8,0.3,1.9,0.2,0.6,9.6,23.1
12,Ohio,Clermont County,,103417,78.0,6.4,0.3,0.8,0.1,0.8,13.6,28.1
13,Ohio,Clinton County,,19431,80.1,7.6,0.2,2.7,0.0,1.6,7.8,24.6
14,Ohio,Columbiana County,,45027,80.5,9.6,0.2,2.1,0.7,0.9,6.2,24.6
15,Ohio,Coshocton County,,15456,71.7,12.2,0.3,1.6,2.4,4.9,6.9,24.8
16,Ohio,Crawford County,,19211,82.2,6.7,0.0,2.1,0.5,1.8,6.7,23.9
17,Ohio,Cuyahoga County,,594968,69.7,7.3,3.0,2.7,0.3,1.5,15.5,23.3
18,Ohio,Darke County,,23638,81.7,9.5,0.2,1.9,0.1,1.0,5.6,23.0
19,Ohio,Defiance County,,18212,83.7,7.7,0.0,1.4,0.1,1.2,6.0,19.8
20,Ohio,Delaware County,,118286,67.9,4.2,0.1,1.3,0.1,0.5,25.9,25.4
21,Ohio,Erie County,,35474,80.0,8.7,2.5,1.7,0.1,1.0,6.0,21.5
22,Ohio,Fairfield County,,78382,76.3,6.7,0.2,1.1,0.2,1.1,14.5,28.0
23,Ohio,Fayette County,,12852,82.8,9.6,0.5,1.3,0.0,0.3,5.5,27.0
24,Ohio,Franklin County,,686735,68.4,7.1,1.6,2.1,0.4,1.2,19.3,21.5
25,Ohio,Fulton County,,20321,87.4,4.5,0.4,1.7,0.1,0.5,5.3,24.1
26,Ohio,Gallia County,,11575,79.5,9.0,0.8,1.7,0.0,1.0,8.0,25.4
27,Ohio,Geauga County,,47058,69.8,10.0,0.6,1.3,0.1,1.5,16.7,27.0
28,Ohio,Greene County,,82491,75.8,7.6,0.3,2.5,0.4,0.6,12.9,22.0
29,Ohio,Guernsey County,,16383,82.4,11.1,0.0,0.7,0.0,1.7,4.0,22.9
30,Ohio,Hamilton County,,408182,70.8,7.0,2.5,2.7,0.2,1.6,15.3,22.8
31,Ohio,Hancock County,,36946,78.6,8.1,0.1,2.0,0.3,1.2,9.7,18.0
32,Ohio,Hardin County,,13919,81.4,7.5,0.0,4.8,0.2,1.2,4.8,23.6
33,Ohio,Harrison County,,5628,83.1,6.4,0.0,2.1,0.0,1.8,6.6,29.4
34,Ohio,Henry County,,13330,85.2,7.2,0.2,0.9,0.2,0.5,5.8,23.7
35,Ohio,Highland County,,19581,80.2,10.8,0.1,1.2,0.4,0.9,6.5,29.1
36,Ohio,Hocking County,,12049,83.7,7.5,0.0,0.9,0.0,1.0,6.9,30.3
37,Ohio,Holmes County,,20065,47.8,19.8,0.4,6.9,14.0,3.1,8.0,20.9
38,Ohio,Huron County,,26776,81.9,9.0,0.4,2.1,0.5,0.7,5.4,22.4
39,Ohio,Jackson County,,13671,81.0,9.1,0.2,2.6,0.3,0.8,6.0,29.4
40,Ohio,Jefferson County,,27752,80.7,6.2,0.3,3.6,0.0,0.5,8.7,23.8
41,Ohio,Knox County,,28827,73.8,6.9,0.2,4.0,0.1,1.2,13.7,25.7
42,Ohio,Lake County,,120047,76.5,7.3,0.5,1.1,0.2,0.8,13.6,23.1
43,Ohio,Lawrence County,,23493,84.4,7.7,0.0,1.4,0.2,1.1,5.2,23.2
44,Ohio,Licking County,,87330,72.5,7.7,0.2,2.2,0.2,1.4,15.8,26.6
45,Ohio,Logan County,,20679,77.9,10.3,0.2,1.2,0.0,1.4,8.9,21.8
46,Ohio,Lorain County,,147177,77.9,7.5,0.2,1.5,0.2,1.1,11.7,25.4
47,Ohio,Lucas County,,195978,78.6,8.9,0.8,1.6,0.2,1.0,8.9,20.5
48,Ohio,Madison County,,20433,75.3,7.6,0.2,1.1,0.0,0.6,15.2,24.9
49,Ohio,Mahoning County,,97976,78.9,7.2,1.2,1.4,0.1,1.4,9.8,22.5
50,Ohio,Marion County,,25885,82.3,8.6,0.7,0.9,0.2,1.0,6.2,24.5
51,Ohio,Medina County,,95086,76.0,6.4,0.1,1.0,0.0,1.1,15.3,26.5
52,Ohio,Meigs County,,8049,87.3,6.7,0.0,0.7,0.0,0.2,5.1,31.4
53,Ohio,Mercer County,,21371,87.3,5.6,0.1,1.7,0.4,0.4,4.4,18.5
54,Ohio,Miami County,,53955,80.3,6.3,0.2,1.6,0.4,1.2,10.2,22.0
55,Ohio,Monroe County,,5430,82.5,9.4,0.0,2.2,0.0,0.9,5.0,33.3
56,Ohio,Montgomery County,,251172,76.2,7.7,1.2,2.0,0.2,0.8,12.0,21.9
57,Ohio,Morgan County,,5396,82.6,9.2,0.0,1.2,0.0,0.2,6.8,37.5
58,Ohio,Morrow County,,16817,73.5,9.0,0.3,1.8,0.1,2.9,12.4,32.8
59,Ohio,Muskingum County,,38511,82.3,9.1,0.2,1.5,0.2,0.4,6.3,25.4
60,Ohio,Noble County,,4253,89.2,3.8,0.0,1.8,0.0,0.4,4.8,23.0
61,Ohio,Ottawa County,,18511,81.1,6.5,0.4,1.7,0.3,2.2,7.8,24.8
62,Ohio,Paulding County,,8746,84.8,9.0,0.0,1.8,0.0,0.3,4.1,24.0
63,Ohio,Perry County,,15335,85.3,7.1,0.3,1.5,0.0,0.7,5.1,33.2
64,Ohio,Pickaway County,,26846,75.2,9.8,0.1,0.9,0.0,0.4,13.5,27.9
65,Ohio,Pike County,,10133,86.9,6.0,0.1,1.1,0.2,0.5,5.2,29.7
66,Ohio,Portage County,,81097,73.8,6.8,0.7,2.9,0.2,0.7,14.9,24.8
67,Ohio,Preble County,,19194,82.8,7.2,0.1,2.0,0.0,0.6,7.3,26.4
68,Ohio,Putnam County,,16731,85.4,6.0,0.2,2.0,0.1,0.3,6.1,22.3
69,Ohio,Richland County,,53030,81.4,10.0,0.6,1.1,0.3,1.0,5.6,21.8
70,Ohio,Ross County,,31312,83.4,9.6,0.0,1.3,0.0,0.5,5.2,26.4
71,Ohio,Sandusky County,,26176,84.8,7.3,0.4,1.7,0.2,1.2,4.2,20.7
72,Ohio,Scioto County,,27143,84.4,7.4,0.1,1.6,0.2,0.8,5.6,27.9
73,Ohio,Seneca County,,26140,81.6,7.4,0.2,4.0,0.1,0.7,5.9,20.7
74,Ohio,Shelby County,,23208,83.3,9.8,0.2,0.8,0.2,0.7,5.0,19.0
75,Ohio,Stark County,,177066,77.7,6.5,0.8,1.6,0.1,1.5,11.8,21.7
76,Ohio,Summit County,,263518,74.5,7.5,0.8,1.2,0.2,1.1,14.8,23.2
77,Ohio,Trumbull County,,84904,81.1,8.8,0.5,1.3,0.1,1.5,6.6,23.4
78,Ohio,Tuscarawas County,,41683,80.4,6.8,0.0,1.7,1.0,1.7,8.3,23.2
79,Ohio,Union County,,34333,70.0,5.9,0.7,0.5,0.1,1.2,21.6,26.0
80,Ohio,Van Wert County,,14051,84.0,7.9,0.0,1.9,0.3,1.3,4.5,19.7
81,Ohio,Vinton County,,5068,83.6,5.3,0.0,1.1,0.0,0.0,10.0,35.8
82,Ohio,Warren County,,125084,73.7,5.9,0.1,0.6,0.1,1.0,18.6,25.3
83,Ohio,Washington County,,26656,81.1,6.9,0.4,1.9,0.1,0.5,9.1,23.5
84,Ohio,Wayne County,,53004,72.9,10.3,0.1,4.8,1.6,2.0,8.3,20.6
85,Ohio,Williams County,,16990,85.9,8.3,0.6,1.9,0.3,0.4,2.7,19.8
86,Ohio,Wood County,,65942,80.0,6.0,0.1,2.6,0.2,0.7,10.3,20.5
87,Ohio,Wyandot County,,10538,85.9,6.3,0.2,2.5,0.2,0.5,4.4,20.7
0,Ohio,Adams County,Census Tract 7701,2079,78.0,10.9,0.0,0.4,0.0,3.0,7.8,32.8
1,Ohio,Adams County,Census Tract 7702,1634,84.7,6.9,0.4,2.4,0.0,0.0,5.5,36.8
2,Ohio,Adams County,Census Tract 7703.01,1545,86.9,5.0,0.0,0.1,0.6,0.2,7.2,47.6
3,Ohio,Adams County,Census Tract 7703.02,1594,83.1,9.0,0.0,2.8,0.0,0.0,5.0,39.2
4,Ohio,Adams County,Census Tract 7704,1464,89.3,4.7,0.8,1.9,0.0,0.0,3.2,24.6
5,Ohio,Adams County,Census Tract 7705,722,82.7,12.6,0.0,0.0,0.0,1.9,2.8,48.2
6,Ohio,Adams County,Census Tract 7706,1222,90.6,6.5,0.0,0.0,0.0,0.0,2.9,32.0
7,Ohio,Allen County,Census Tract 101,1779,74.4,4.6,0.0,9.7,0.0,0.9,10.4,19.1
8,Ohio,Allen County,Census Tract 102,1923,85.0,10.5,0.0,0.0,0.0,0.6,4.0,19.4
9,Ohio,Allen County,Census Tract 103,943,88.5,3.2,0.0,5.1,0.0,0.0,3.2,20.8
10,Ohio,Allen County,Census Tract 106,2222,82.1,8.2,0.9,0.0,0.3,4.5,3.8,24.4
11,Ohio,Allen County,Census Tract 108.01,1983,85.3,8.1,0.0,0.5,0.0,3.0,3.1,22.0
12,Ohio,Allen County,Census Tract 108.02,1511,85.7,6.4,0.0,0.0,0.0,0.0,7.9,17.3
13,Ohio,Allen County,Census Tract 109,2470,86.8,8.6,0.0,0.0,0.0,3.0,1.6,17.3
14,Ohio,Allen County,Census Tract 110,2668,86.1,4.3,0.2,0.2,0.0,0.0,9.3,19.2
15,Ohio,Allen County,Census Tract 112,531,77.4,0.0,0.0,15.6,0.0,0.0,7.0,18.2
16,Ohio,Allen County,Census Tract 113.01,2055,80.8,9.1,0.0,0.0,0.0,0.0,10.0,16.2
17,Ohio,Allen County,Census Tract 113.02,1478,90.2,4.7,0.0,0.0,0.0,0.7,4.4,18.0
18,Ohio,Allen County,Census Tract 114,1374,84.0,9.2,0.0,0.5,0.0,1.1,5.2,20.0
19,Ohio,Allen County,Census Tract 115,1378,83.6,11.8,0.0,0.0,0.0,0.0,4.6,25.6
20,Ohio,Allen County,Census Tract 116,998,76.2,13.3,0.0,0.0,0.0,0.0,10.5,20.4
21,Ohio,Allen County,Census Tract 118,1262,82.9,8.9,0.0,0.0,0.0,0.4,7.8,14.7
22,Ohio,Allen County,Census Tract 119,1439,86.6,9.6,0.0,0.0,0.0,0.0,3.8,18.2
23,Ohio,Allen County,Census Tract 120,1241,90.2,2.5,0.0,0.1,0.0,0.0,7.3,20.2
24,Ohio,Allen County,Census Tract 121,1468,83.2,8.7,0.0,0.5,0.0,2.0,5.7,18.0
25,Ohio,Allen County,Census Tract 122,1615,82.2,7.5,3.2,0.0,2.7,2.9,1.5,17.7
26,Ohio,Allen County,Census Tract 123,1489,81.9,13.2,0.0,0.0,2.6,0.9,1.3,16.8
27,Ohio,Allen County,Census Tract 124,1087,73.4,18.3,0.0,1.5,2.3,3.9,0.6,14.5
28,Ohio,Allen County,Census Tract 126,731,80.0,10.3,0.0,5.6,1.0,0.0,3.1,14.3
29,Ohio,Allen County,Census Tract 127,459,63.4,27.7,2.4,3.3,0.0,0.0,3.3,14.9
30,Ohio,Allen County,Census Tract 129,648,80.4,15.6,0.0,0.0,0.0,3.9,0.2,13.2
31,Ohio,Allen County,Census Tract 130,1906,83.5,9.8,0.8,1.4,0.0,3.1,1.4,15.1
32,Ohio,Allen County,Census Tract 131,1332,82.4,11.9,0.0,0.5,0.0,0.0,5.3,14.1
33,Ohio,Allen County,Census Tract 132,862,91.6,5.5,0.1,0.1,0.0,0.0,2.7,18.5
34,Ohio,Allen County,Census Tract 133,520,72.3,9.4,6.5,3.3,0.0,3.5,5.0,20.3
35,Ohio,Allen County,Census Tract 134,380,68.7,12.4,0.8,0.0,0.0,4.5,13.7,14.5
36,Ohio,Allen County,Census Tract 136,248,64.9,29.4,0.0,5.6,0.0,0.0,0.0,24.4
37,Ohio,Allen County,Census Tract 137,344,75.0,19.8,0.0,0.0,0.0,4.4,0.9,27.0
38,Ohio,Allen County,Census Tract 138,999,84.0,8.5,1.7,0.0,0.0,4.4,1.4,16.3
39,Ohio,Allen County,Census Tract 139,1605,87.8,4.0,0.0,1.0,0.0,0.3,6.9,24.7
40,Ohio,Allen County,Census Tract 140,1386,84.3,10.9,0.0,0.0,0.9,1.4,2.6,19.6
41,Ohio,Allen County,Census Tract 141,626,64.2,10.9,5.6,9.6,5.0,4.8,0.0,16.2
42,Ohio,Ashland County,Census Tract 9701.01,1045,83.7,13.2,0.0,2.4,0.0,0.0,0.7,32.7
43,Ohio,Ashland County,Census Tract 9701.02,2287,78.0,9.4,0.0,0.0,0.0,5.3,7.3,31.0
44,Ohio,Ashland County,Census Tract 9702,2656,86.5,6.1,0.0,0.2,0.0,0.6,6.6,27.7
45,Ohio,Ashland County,Census Tract 9703,1789,80.8,9.6,0.0,0.6,0.0,0.3,8.7,16.7
46,Ohio,Ashland County,Census Tract 9704,1653,90.7,3.9,0.0,0.4,0.0,0.0,5.0,16.7
47,Ohio,Ashland County,Census Tract 9705,1523,72.0,7.7,0.0,3.0,5.1,0.7,11.5,17.9
48,Ohio,Ashland County,Census Tract 9706,2079,74.5,10.0,0.0,6.2,0.0,0.0,9.3,16.4
49,Ohio,Ashland County,Census Tract 9707,2207,87.0,1.6,0.1,3.3,1.0,0.0,6.9,22.3
50,Ohio,Ashland County,Census Tract 9708,2231,82.0,4.0,0.0,4.6,0.0,1.8,7.6,30.8
51,Ohio,Ashland County,Census Tract 9709,2343,80.4,8.7,0.5,1.6,0.0,2.5,6.3,27.2
52,Ohio,Ashland County,Census Tract 9710,2545,77.7,15.0,0.0,4.2,0.2,0.0,2.9,23.3
53,Ohio,Ashland County,Census Tract 9711,1737,73.1,14.5,0.0,4.4,0.0,4.1,3.9,21.3
54,Ohio,Ashtabula County,Census Tract 1.01,1176,73.8,16.6,0.5,2.6,0.0,2.3,4.3,27.9
55,Ohio,Ashtabula County,Census Tract 1.02,1470,83.3,8.8,0.0,2.1,0.0,0.5,5.3,20.9
56,Ohio,Ashtabula County,Census Tract 1.03,1447,86.4,10.4,0.2,1.3,0.0,0.5,1.2,18.7
57,Ohio,Ashtabula County,Census Tract 2,1731,81.8,9.4,0.2,1.0,0.0,2.8,4.7,25.3
58,Ohio,Ashtabula County,Census Tract 3,964,83.0,12.2,0.6,0.4,0.0,0.0,3.7,25.2
59,Ohio,Ashtabula County,Census Tract 4,525,87.8,3.0,0.0,1.1,4.6,0.0,3.4,24.3
60,Ohio,Ashtabula County,Census Tract 5,1816,83.3,11.3,0.0,2.7,0.4,0.0,2.3,21.2
61,Ohio,Ashtabula County,Census Tract 6.01,1106,78.2,19.6,0.0,1.2,0.0,0.0,1.0,15.7
62,Ohio,Ashtabula County,Census Tract 6.02,1487,82.6,3.0,1.8,0.0,0.0,4.7,7.9,19.0
63,Ohio,Ashtabula County,Census Tract 6.03,1566,72.8,12.3,0.0,0.0,0.0,6.2,8.7,24.6
64,Ohio,Ashtabula County,Census Tract 7.01,1226,81.9,14.8,0.0,0.0,0.0,2.9,0.4,20.3
65,Ohio,Ashtabula County,Census Tract 7.02,1210,81.4,9.3,0.0,0.0,0.0,4.6,4.6,28.7
66,Ohio,Ashtabula County,Census Tract 7.03,1520,82.6,9.4,0.7,4.9,0.0,1.4,1.0,27.1
67,Ohio,Ashtabula County,Census Tract 7.04,1763,71.5,11.6,2.9,0.0,2.1,2.6,9.4,20.4
68,Ohio,Ashtabula County,Census Tract 8.01,692,73.1,16.2,0.9,2.6,0.0,0.0,7.2,27.2
69,Ohio,Ashtabula County,Census Tract 8.02,2469,88.5,2.4,0.0,3.8,0.0,0.0,5.2,28.2
70,Ohio,Ashtabula County,Census Tract 9,1835,79.4,17.1,0.0,0.0,0.0,0.0,3.5,26.9
71,Ohio,Ashtabula County,Census Tract 10.01,2361,83.1,8.4,0.2,0.0,0.6,0.6,7.2,36.3
72,Ohio,Ashtabula County,Census Tract 10.02,1638,84.0,9.0,0.8,1.6,0.0,0.0,4.6,29.0
73,Ohio,Ashtabula County,Census Tract 11.01,668,71.3,9.6,0.0,0.0,0.0,13.6,5.5,25.9
74,Ohio,Ashtabula County,Census Tract 11.02,2828,75.6,11.2,0.0,0.0,0.0,4.0,9.3,28.1
75,Ohio,Ashtabula County,Census Tract 12.01,1469,81.6,3.9,0.0,0.0,0.0,3.4,11.2,31.0
76,Ohio,Ashtabula County,Census Tract 12.02,1668,79.3,5.5,0.0,0.0,0.0,4.6,10.6,29.8
77,Ohio,Ashtabula County,Census Tract 13.01,1294,75.5,17.5,0.0,1.1,0.0,0.0,5.9,29.5
78,Ohio,Ashtabula County,Census Tract 13.03,1413,76.2,13.2,2.1,1.3,0.0,0.4,7.0,35.8
79,Ohio,Ashtabula County,Census Tract 13.04,238,78.2,7.1,0.0,0.0,0.0,13.4,1.3,32.4
80,Ohio,Ashtabula County,Census Tract 14.01,1385,31.8,24.1,0.0,6.1,0.0,30.8,7.2,35.0
81,Ohio,Ashtabula County,Census Tract 14.02,2037,73.4,15.3,0.0,0.8,0.0,4.3,6.2,34.5
82,Ohio,Ashtabula County,Census Tract 9900,0,,,,,,,,
83,Ohio,Athens County,Census Tract 9726,1490,77.7,12.8,0.0,1.5,0.0,1.9,6.1,33.3
84,Ohio,Athens County,Census Tract 9727,1718,86.1,4.1,0.0,1.0,0.0,2.3,6.4,25.4
85,Ohio,Athens County,Census Tract 9728,1327,81.3,5.6,0.0,7.9,0.0,0.0,5.2,56.2
86,Ohio,Athens County,Census Tract 9729,2995,56.2,15.2,2.4,3.5,1.0,0.0,21.7,19.6
87,Ohio,Athens County,Census Tract 9730,1904,59.5,13.0,0.0,6.9,3.8,0.6,16.3,18.9
88,Ohio,Athens County,Census Tract 9731.01,1833,38.1,14.3,0.0,28.0,0.0,0.4,19.3,15.4
89,Ohio,Athens County,Census Tract 9732,1922,64.9,13.5,0.9,3.5,2.5,0.0,14.7,18.5
90,Ohio,Athens County,Census Tract 9733,1933,67.6,9.0,2.7,0.0,0.8,1.7,18.3,16.5
91,Ohio,Athens County,Census Tract 9734,1293,75.0,9.4,1.3,0.5,0.0,0.0,13.8,17.0
92,Ohio,Athens County,Census Tract 9735,1563,74.2,17.2,0.0,3.3,1.2,0.0,4.1,27.4
93,Ohio,Athens County,Census Tract 9736,1833,83.7,11.0,0.1,0.2,0.0,0.0,5.0,30.3
94,Ohio,Athens County,Census Tract 9737,1778,74.9,10.1,0.0,0.5,0.0,0.8,13.7,30.4
95,Ohio,Athens County,Census Tract 9738,2071,80.9,3.4,0.0,1.4,0.0,1.5,12.7,26.2
96,Ohio,Athens County,Census Tract 9739.01,2199,35.5,2.6,0.2,49.2,0.1,0.3,12.1,12.4
97,Ohio,Athens County,Census Tract 9739.02,1723,43.8,2.9,1.3,34.2,0.0,0.3,17.5,22.6
98,Ohio,Auglaize County,Census Tract 401,2018,81.1,7.2,0.0,1.9,0.0,0.7,9.1,23.0
99,Ohio,Auglaize County,Census Tract 402,2056,80.6,12.7,0.0,3.4,0.0,0.0,3.3,20.9
100,Ohio,Auglaize County,Census Tract 403,1959,82.3,4.4,0.0,4.5,0.5,0.4,7.9,16.1
101,Ohio,Auglaize County,Census Tract 404,2980,89.3,2.7,0.0,0.7,0.0,0.5,6.9,21.4
102,Ohio,Auglaize County,Census Tract 405,2593,85.6,4.9,0.0,2.6,0.0,0.8,6.1,20.9
103,Ohio,Auglaize County,Census Tract 406,1883,84.6,9.8,0.0,0.9,0.0,2.0,2.8,16.6
104,Ohio,Auglaize County,Census Tract 409,1852,83.5,4.1,0.0,1.7,0.8,0.0,9.8,16.6
105,Ohio,Auglaize County,Census Tract 410,1912,83.1,2.7,0.0,3.2,2.9,0.4,7.7,17.6
106,Ohio,Auglaize County,Census Tract 411,2050,88.8,6.6,0.0,0.6,0.0,0.5,3.5,19.0
107,Ohio,Auglaize County,Census Tract 412.01,853,82.2,3.3,0.0,0.7,3.6,0.6,9.6,21.1
108,Ohio,Auglaize County,Census Tract 412.02,2962,82.4,9.9,0.0,1.4,0.0,3.8,2.5,14.5
109,Ohio,Belmont County,Census Tract 101,1789,82.7,8.1,0.0,0.6,0.2,1.0,7.4,24.3
110,Ohio,Belmont County,Census Tract 102,1485,83.3,3.8,0.0,2.8,0.0,0.7,9.4,30.1
111,Ohio,Belmont County,Census Tract 103,1623,85.6,5.8,0.0,0.1,0.0,0.0,8.4,29.8
112,Ohio,Belmont County,Census Tract 106,1855,85.1,3.9,0.0,0.5,0.0,0.7,9.8,26.9
113,Ohio,Belmont County,Census Tract 107,1286,80.6,4.0,0.5,6.5,0.0,0.0,8.5,25.0
114,Ohio,Belmont County,Census Tract 108.02,925,92.5,1.2,0.1,0.0,0.0,0.2,5.9,20.7
115,Ohio,Belmont County,Census Tract 109.01,737,82.1,7.5,0.0,2.3,0.0,3.4,4.7,29.0
116,Ohio,Belmont County,Census Tract 109.02,2092,81.9,13.0,0.0,2.0,0.0,1.5,1.6,27.2
117,Ohio,Belmont County,Census Tract 110,1706,79.5,15.4,0.0,2.1,0.0,0.0,3.0,36.2
118,Ohio,Belmont County,Census Tract 112,1302,81.7,10.4,0.0,2.0,0.0,0.7,5.2,29.2
119,Ohio,Belmont County,Census Tract 113,1669,85.7,6.6,0.0,2.6,0.0,0.0,5.0,19.7
120,Ohio,Belmont County,Census Tract 114,1803,93.8,0.0,0.0,0.0,0.0,0.0,6.2,21.2
121,Ohio,Belmont County,Census Tract 115,498,71.5,23.1,0.0,1.2,0.0,0.0,4.2,24.2
122,Ohio,Belmont County,Census Tract 116,397,73.3,3.8,0.0,3.0,0.0,0.0,19.9,22.9
123,Ohio,Belmont County,Census Tract 117,564,77.3,17.2,0.0,0.0,0.0,1.2,4.3,19.8
124,Ohio,Belmont County,Census Tract 119,1261,87.7,5.5,0.0,1.0,0.0,0.0,5.9,14.7
125,Ohio,Belmont County,Census Tract 120,931,80.8,3.9,0.0,2.8,0.0,0.0,12.6,30.3
126,Ohio,Belmont County,Census Tract 121,440,84.8,7.0,0.0,4.1,0.0,0.0,4.1,23.0
127,Ohio,Belmont County,Census Tract 122.01,780,92.9,3.2,1.7,0.0,0.0,0.0,2.2,26.8
128,Ohio,Belmont County,Census Tract 122.02,781,84.6,5.6,0.0,3.6,0.0,0.0,6.1,23.7
129,Ohio,Belmont County,Census Tract 123,2134,81.1,7.3,0.0,3.7,0.0,0.9,6.9,21.7
130,Ohio,Belmont County,Census Tract 124,1772,84.1,0.5,0.0,0.7,0.0,0.9,13.8,19.7
131,Ohio,Brown County,Census Tract 9512.01,2319,81.8,7.8,0.0,0.1,0.0,2.4,8.0,37.0
132,Ohio,Brown County,Census Tract 9512.02,2482,80.3,13.3,0.0,0.4,0.0,1.0,5.0,28.6
133,Ohio,Brown County,Census Tract 9513.01,2382,89.2,6.4,0.0,0.0,0.0,0.0,4.4,32.9
134,Ohio,Brown County,Census Tract 9513.02,909,79.3,8.6,0.0,0.0,0.0,0.0,12.1,29.9
135,Ohio,Brown County,Census Tract 9514,1749,82.2,10.2,0.0,0.6,0.0,0.7,6.2,38.3
136,Ohio,Brown County,Census Tract 9515,2165,85.5,7.6,1.2,0.6,0.6,1.3,3.2,33.3
137,Ohio,Brown County,Census Tract 9516,1365,85.0,12.5,0.0,0.2,0.0,0.0,2.3,32.6
138,Ohio,Brown County,Census Tract 9517,933,79.4,10.0,5.0,1.3,0.0,0.0,4.3,33.1
139,Ohio,Brown County,Census Tract 9518,1824,74.5,15.7,1.1,0.7,0.0,0.0,8.1,35.7
140,Ohio,Brown County,Census Tract 9519,2510,78.1,9.0,0.0,0.0,0.0,1.4,11.4,36.0
141,Ohio,Butler County,Census Tract 1,1998,78.7,10.9,0.0,2.7,0.0,3.0,4.7,27.2
142,Ohio,Butler County,Census Tract 2,1802,87.7,7.7,0.0,1.9,0.6,0.0,2.1,20.6
143,Ohio,Butler County,Census Tract 3,1384,63.3,28.4,0.0,3.0,0.0,2.6,2.7,19.2
144,Ohio,Butler County,Census Tract 4,1160,68.9,29.2,0.0,1.9,0.0,0.0,0.0,23.1
145,Ohio,Butler County,Census Tract 5,2020,80.3,7.8,1.5,4.5,0.0,2.7,3.3,16.4
146,Ohio,Butler County,Census Tract 6,1958,65.7,16.7,2.8,3.2,0.0,0.5,11.2,19.9
147,Ohio,Butler County,Census Tract 10.01,1960,85.1,0.0,0.0,3.9,0.0,0.9,10.2,19.7
148,Ohio,Butler County,Census Tract 10.02,2110,60.1,14.9,1.7,3.5,1.1,8.6,10.1,32.4
149,Ohio,Butler County,Census Tract 11,2182,79.8,10.9,0.0,2.4,0.0,4.1,2.7,29.2
150,Ohio,Butler County,Census Tract 13,1871,72.0,17.4,0.0,1.7,0.0,0.5,8.4,28.9
151,Ohio,Butler County,Census Tract 101.02,1121,64.7,13.0,0.9,8.9,0.3,2.8,9.5,22.1
152,Ohio,Butler County,Census Tract 101.03,2213,68.7,8.4,4.8,4.2,7.0,0.0,6.9,18.3
153,Ohio,Butler County,Census Tract 101.04,1441,22.6,6.8,0.0,34.1,6.4,0.0,30.2,11.1
154,Ohio,Butler County,Census Tract 101.05,1113,56.8,11.9,0.0,23.4,1.3,0.0,6.6,12.8
155,Ohio,Butler County,Census Tract 101.06,1082,57.8,0.0,0.0,28.2,3.5,0.0,10.5,10.2
156,Ohio,Butler County,Census Tract 102.01,497,16.9,2.4,0.0,35.6,4.2,0.0,40.8,8.4
157,Ohio,Butler County,Census Tract 102.02,2215,77.6,8.1,0.0,1.7,0.0,0.0,12.6,26.1
158,Ohio,Butler County,Census Tract 102.03,2770,70.1,14.5,0.0,0.0,0.0,0.0,15.3,29.4
159,Ohio,Butler County,Census Tract 103.01,2078,77.2,6.3,0.0,0.1,0.0,0.0,16.4,28.7
160,Ohio,Butler County,Census Tract 103.02,1678,76.4,6.9,0.0,0.0,0.0,0.0,16.7,31.3
161,Ohio,Butler County,Census Tract 105,790,81.5,12.8,0.0,0.9,0.0,1.0,3.8,26.5
162,Ohio,Butler County,Census Tract 106,1598,76.8,3.9,0.1,1.1,0.0,0.0,18.0,26.0
163,Ohio,Butler County,Census Tract 108,2828,84.2,5.5,0.7,0.0,0.0,0.0,9.6,26.0
164,Ohio,Butler County,Census Tract 109.01,2158,76.7,13.8,0.0,0.0,2.9,0.0,6.6,24.4
165,Ohio,Butler County,Census Tract 109.03,2665,72.7,14.9,0.0,0.0,0.0,0.5,11.9,22.2
166,Ohio,Butler County,Census Tract 109.04,2222,73.0,14.5,0.0,1.3,0.5,0.1,10.7,20.5
167,Ohio,Butler County,Census Tract 109.06,3887,73.2,16.4,0.0,2.8,0.0,2.7,4.9,31.2
168,Ohio,Butler County,Census Tract 109.07,1616,75.9,13.9,0.0,0.0,0.0,2.5,7.7,20.3
169,Ohio,Butler County,Census Tract 109.09,2460,89.4,1.1,0.0,0.0,0.0,3.8,5.7,18.0
170,Ohio,Butler County,Census Tract 109.10,2237,76.1,6.7,0.0,0.0,0.0,0.4,16.8,23.0
171,Ohio,Butler County,Census Tract 109.11,1922,76.2,7.8,0.0,0.0,0.0,0.7,15.3,25.1
172,Ohio,Butler County,Census Tract 109.12,1463,78.4,12.6,1.6,0.0,0.0,0.0,7.4,24.1
173,Ohio,Butler County,Census Tract 109.13,2210,67.0,10.5,0.3,0.0,0.0,2.3,19.9,23.4
174,Ohio,Butler County,Census Tract 110.03,3652,78.6,3.6,0.0,0.0,0.0,0.0,17.9,22.7
175,Ohio,Butler County,Census Tract 110.04,3154,79.0,5.4,0.0,0.5,0.0,1.7,13.3,27.6
176,Ohio,Butler County,Census Tract 110.05,3922,71.8,8.6,0.0,0.1,0.0,0.0,19.5,23.4
177,Ohio,Butler County,Census Tract 110.06,2897,77.4,8.9,0.0,0.0,0.0,0.0,13.7,24.2
178,Ohio,Butler County,Census Tract 111.09,1997,74.8,10.4,0.5,0.0,0.0,0.0,14.4,21.6
179,Ohio,Butler County,Census Tract 111.10,3072,75.7,5.4,0.1,0.0,0.0,0.4,18.4,25.1
180,Ohio,Butler County,Census Tract 111.11,3296,79.6,4.0,0.4,0.0,0.0,0.0,16.0,22.6
181,Ohio,Butler County,Census Tract 111.12,3020,66.6,0.7,0.0,0.7,0.0,0.7,31.4,23.5
182,Ohio,Butler County,Census Tract 111.18,1425,69.5,2.7,0.6,0.0,0.0,1.8,25.5,25.5
183,Ohio,Butler County,Census Tract 111.20,4024,73.0,5.6,0.0,3.2,0.0,0.0,18.2,22.1
184,Ohio,Butler County,Census Tract 111.22,2831,65.9,7.9,0.0,0.2,0.0,4.2,21.8,20.9
185,Ohio,Butler County,Census Tract 111.23,2608,68.4,5.6,0.0,0.0,0.0,1.8,24.2,20.5
186,Ohio,Butler County,Census Tract 111.25,1788,66.8,10.3,4.8,0.0,0.0,1.1,17.0,24.9
187,Ohio,Butler County,Census Tract 111.26,3159,66.9,4.5,0.0,2.8,0.0,7.7,18.2,20.8
188,Ohio,Butler County,Census Tract 111.27,2417,74.0,8.2,0.0,0.4,0.0,0.7,16.8,22.9
189,Ohio,Butler County,Census Tract 111.28,1660,60.3,10.0,0.0,0.0,0.0,1.4,28.3,27.7
190,Ohio,Butler County,Census Tract 111.29,2512,79.0,2.1,0.0,0.0,0.0,0.0,18.9,22.8
191,Ohio,Butler County,Census Tract 111.30,2681,85.5,1.0,0.0,0.8,0.0,0.0,12.7,20.8
192,Ohio,Butler County,Census Tract 111.31,1857,79.2,4.4,0.0,0.0,0.0,0.0,16.4,22.8
193,Ohio,Butler County,Census Tract 111.32,2171,70.2,5.8,0.0,1.5,0.0,0.1,22.4,26.1
194,Ohio,Butler County,Census Tract 111.33,1990,73.2,7.0,0.0,0.0,0.0,0.5,19.3,26.7
195,Ohio,Butler County,Census Tract 111.34,4403,74.8,5.4,0.0,0.6,0.0,1.0,18.2,25.2
196,Ohio,Butler County,Census Tract 111.35,4106,70.3,1.1,0.4,0.0,0.0,0.0,28.3,25.4
197,Ohio,Butler County,Census Tract 111.36,3003,81.6,5.6,0.0,0.0,0.0,0.0,12.8,23.8
198,Ohio,Butler County,Census Tract 111.37,1903,65.8,9.0,0.0,0.0,0.0,0.0,25.2,24.7
199,Ohio,Butler County,Census Tract 112,4623,75.2,8.2,0.0,1.1,0.0,1.0,14.5,24.3
200,Ohio,Butler County,Census Tract 113,3770,70.6,10.5,0.0,1.4,0.0,0.0,17.5,22.4
201,Ohio,Butler County,Census Tract 118,3488,84.2,4.2,0.0,2.0,0.0,0.0,9.7,27.8
202,Ohio,Butler County,Census Tract 121,1589,85.1,4.3,0.0,0.0,0.0,0.0,10.6,22.4
203,Ohio,Butler County,Census Tract 122,1391,76.0,8.3,5.2,5.2,0.0,3.3,2.0,21.3
204,Ohio,Butler County,Census Tract 123,909,88.6,7.0,0.0,0.0,0.0,0.8,3.6,21.6
205,Ohio,Butler County,Census Tract 124,1238,79.3,4.4,0.0,0.0,0.0,0.0,16.2,27.9
206,Ohio,Butler County,Census Tract 125,2619,74.5,3.2,0.0,2.5,0.0,0.5,19.4,25.0
207,Ohio,Butler County,Census Tract 126,1281,77.9,10.9,0.0,0.0,0.0,0.5,10.8,24.6
208,Ohio,Butler County,Census Tract 127,1552,79.5,12.4,0.0,0.1,0.0,2.5,5.4,25.5
209,Ohio,Butler County,Census Tract 130,712,68.3,26.0,0.0,0.8,0.0,0.0,4.9,25.5
210,Ohio,Butler County,Census Tract 131,933,54.8,19.5,0.4,7.7,0.0,1.1,16.5,21.3
211,Ohio,Butler County,Census Tract 132,1622,86.0,9.2,0.0,0.9,0.0,0.4,3.5,23.7
212,Ohio,Butler County,Census Tract 133,1205,77.1,11.0,0.8,0.0,0.0,0.6,10.5,24.2
213,Ohio,Butler County,Census Tract 134,1091,84.1,5.3,0.0,0.6,0.0,1.9,8.0,22.7
214,Ohio,Butler County,Census Tract 135,1298,82.6,10.2,0.0,1.2,2.0,1.8,2.3,17.1
215,Ohio,Butler County,Census Tract 136,2244,81.6,7.8,0.0,0.0,0.0,0.0,10.7,18.4
216,Ohio,Butler County,Census Tract 139,1261,80.9,9.6,0.0,5.6,0.0,2.0,2.0,31.1
217,Ohio,Butler County,Census Tract 140,752,68.8,9.0,0.3,2.7,0.0,7.7,11.6,33.3
218,Ohio,Butler County,Census Tract 141,959,85.2,7.0,0.0,0.0,0.0,5.8,2.0,17.9
219,Ohio,Butler County,Census Tract 143,2503,85.1,4.0,0.0,1.5,0.0,0.0,9.4,22.9
220,Ohio,Butler County,Census Tract 144,958,83.9,7.4,0.0,0.0,0.0,2.7,5.9,45.4
221,Ohio,Butler County,Census Tract 146,675,58.4,28.1,0.6,6.5,1.5,0.0,4.9,21.9
222,Ohio,Butler County,Census Tract 147,2219,82.3,10.3,0.9,3.0,0.0,0.0,3.4,29.0
223,Ohio,Butler County,Census Tract 148,3128,78.9,7.9,0.4,2.3,0.0,0.8,9.7,25.9
224,Ohio,Butler County,Census Tract 149,3169,87.2,7.1,0.4,0.0,0.0,1.4,3.9,28.2
225,Ohio,Butler County,Census Tract 150,3242,85.2,6.1,0.0,0.0,0.0,0.0,8.7,25.8
226,Ohio,Butler County,Census Tract 151,3303,83.7,10.5,0.0,0.0,2.9,0.0,2.8,36.3
227,Ohio,Carroll County,Census Tract 7201,1327,63.0,16.5,0.0,1.5,0.0,4.3,14.7,33.1
228,Ohio,Carroll County,Census Tract 7202,1447,74.2,8.2,0.0,4.1,1.2,1.4,10.9,22.4
229,Ohio,Carroll County,Census Tract 7203,1875,73.0,5.0,0.1,3.5,0.3,8.9,9.4,44.2
230,Ohio,Carroll County,Census Tract 7204,2017,85.2,5.5,0.5,1.5,0.0,1.2,6.2,32.7
231,Ohio,Carroll County,Census Tract 7205,2062,74.5,10.0,0.0,10.4,0.0,1.5,3.6,20.2
232,Ohio,Carroll County,Census Tract 7206,1199,69.2,18.7,0.0,0.5,0.0,5.5,6.1,36.4
233,Ohio,Carroll County,Census Tract 7207,1135,87.8,4.1,0.0,0.2,0.0,1.2,6.7,34.1
234,Ohio,Champaign County,Census Tract 101,790,93.5,2.5,0.0,0.5,0.0,0.6,2.8,29.1
235,Ohio,Champaign County,Census Tract 102,3546,79.4,7.7,0.0,0.1,0.0,3.0,9.8,30.2
236,Ohio,Champaign County,Census Tract 104,1936,87.8,5.9,0.1,4.0,0.0,0.0,2.2,20.5
237,Ohio,Champaign County,Census Tract 105,1737,85.3,5.4,0.0,2.6,0.0,1.4,5.3,17.7
238,Ohio,Champaign County,Census Tract 106,1840,72.2,10.7,0.7,3.9,0.3,0.0,12.3,24.7
239,Ohio,Champaign County,Census Tract 110.01,1100,86.7,7.2,0.0,0.0,0.0,2.1,4.0,32.6
240,Ohio,Champaign County,Census Tract 115.01,2208,82.4,3.7,0.0,1.8,0.0,0.7,11.4,29.5
241,Ohio,Champaign County,Census Tract 115.04,2248,76.7,11.4,0.0,0.1,0.0,2.3,9.5,30.7
242,Ohio,Champaign County,Census Tract 115.05,1578,68.6,13.6,0.0,2.9,0.6,0.1,14.2,28.4
243,Ohio,Champaign County,Census Tract 115.06,1344,89.4,3.1,0.0,1.3,0.0,0.0,6.2,28.1
244,Ohio,Clark County,Census Tract 2,739,76.3,7.2,2.6,1.2,0.0,0.1,12.6,15.7
245,Ohio,Clark County,Census Tract 3,302,78.8,5.6,0.0,10.3,0.0,0.0,5.3,23.8
246,Ohio,Clark County,Census Tract 4,889,81.1,8.0,2.8,0.9,0.6,0.4,6.2,18.8
247,Ohio,Clark County,Census Tract 5,518,81.5,8.3,3.7,1.4,0.0,0.0,5.2,24.3
248,Ohio,Clark County,Census Tract 6,1147,63.0,17.6,0.0,5.5,0.0,0.0,13.9,23.8
249,Ohio,Clark County,Census Tract 7,871,54.3,15.5,0.0,23.7,0.0,2.1,4.5,17.9
250,Ohio,Clark County,Census Tract 9.01,688,66.9,12.1,4.1,4.7,4.7,2.2,5.5,18.8
251,Ohio,Clark County,Census Tract 9.02,291,77.3,12.7,0.0,6.2,0.0,0.0,3.8,14.3
252,Ohio,Clark County,Census Tract 10,578,86.7,2.6,0.0,0.0,0.0,1.6,9.2,15.4
253,Ohio,Clark County,Census Tract 11.01,356,78.1,0.0,2.5,1.4,16.9,0.0,1.1,15.8
254,Ohio,Clark County,Census Tract 11.02,1132,73.9,14.7,0.0,0.0,0.0,0.6,10.9,23.5
255,Ohio,Clark County,Census Tract 12,1600,81.0,13.2,0.0,5.3,0.6,0.0,0.0,23.8
256,Ohio,Clark County,Census Tract 13,2064,74.1,18.1,0.0,0.8,0.0,0.0,7.0,24.3
257,Ohio,Clark County,Census Tract 14,1276,77.7,10.2,0.0,2.0,0.0,1.6,8.5,19.9
258,Ohio,Clark County,Census Tract 15,2265,76.2,13.5,0.0,2.5,0.4,0.0,7.5,23.7
259,Ohio,Clark County,Census Tract 16,1963,90.4,4.4,0.0,0.6,0.0,0.3,4.3,24.3
260,Ohio,Clark County,Census Tract 17,701,82.5,6.6,2.7,0.0,0.0,2.6,5.7,18.9
261,Ohio,Clark County,Census Tract 19,1429,87.5,4.8,0.0,0.0,0.0,0.6,7.1,15.1
262,Ohio,Clark County,Census Tract 20,1137,87.7,6.2,0.0,0.0,0.0,0.0,6.2,21.9
263,Ohio,Clark County,Census Tract 21,622,71.2,20.6,0.0,0.0,0.0,0.0,8.2,20.4
264,Ohio,Clark County,Census Tract 22,1995,76.2,10.0,1.0,0.0,0.0,0.0,12.8,23.8
265,Ohio,Clark County,Census Tract 23.01,1452,86.6,3.4,0.0,0.1,0.0,0.3,9.6,29.6
266,Ohio,Clark County,Census Tract 24.03,1494,84.6,8.5,0.0,0.0,0.0,0.0,6.9,29.7
267,Ohio,Clark County,Census Tract 24.04,1603,81.1,5.4,0.7,2.8,0.0,0.6,9.5,19.3
268,Ohio,Clark County,Census Tract 25.01,859,75.0,14.7,0.0,0.3,0.0,0.7,9.3,22.2
269,Ohio,Clark County,Census Tract 25.02,1103,78.5,8.0,0.9,0.9,0.0,0.9,10.8,29.2
270,Ohio,Clark County,Census Tract 26.01,1892,70.8,2.6,0.0,0.6,0.0,1.0,24.9,24.6
271,Ohio,Clark County,Census Tract 26.02,1825,76.8,3.6,0.0,1.3,0.0,0.1,18.2,27.9
272,Ohio,Clark County,Census Tract 26.05,1916,84.1,1.8,0.0,0.4,0.0,0.4,13.3,29.1
273,Ohio,Clark County,Census Tract 26.07,1222,83.3,3.4,0.0,0.0,0.0,0.0,13.3,22.7
274,Ohio,Clark County,Census Tract 26.08,1710,88.9,5.3,0.0,0.0,0.0,0.0,5.8,22.7
275,Ohio,Clark County,Census Tract 27.01,1276,81.6,14.3,0.0,1.1,0.0,0.0,3.0,27.4
276,Ohio,Clark County,Census Tract 27.02,1170,62.6,14.9,1.3,0.0,0.9,4.5,15.8,31.5
277,Ohio,Clark County,Census Tract 28,2170,77.9,4.2,0.0,7.1,0.0,0.0,10.7,20.7
278,Ohio,Clark County,Census Tract 29.01,1798,82.0,13.3,0.0,2.2,0.0,0.7,1.8,18.7
279,Ohio,Clark County,Census Tract 29.02,1807,69.2,15.3,0.0,4.3,0.0,3.8,7.4,24.8
280,Ohio,Clark County,Census Tract 30.01,1416,78.6,9.5,0.0,0.0,0.0,2.4,9.5,22.7
281,Ohio,Clark County,Census Tract 30.02,1355,80.0,5.5,0.0,0.0,0.5,1.0,12.9,26.2
282,Ohio,Clark County,Census Tract 31.01,1146,79.1,8.9,0.3,0.0,0.0,0.4,11.3,23.2
283,Ohio,Clark County,Census Tract 31.02,916,86.0,6.9,0.0,0.0,0.0,0.0,7.1,21.7
284,Ohio,Clark County,Census Tract 32,1253,71.7,10.0,0.0,2.4,0.0,0.0,15.9,22.8
285,Ohio,Clark County,Census Tract 33.01,1823,78.1,6.4,0.0,0.5,0.0,0.3,14.6,21.5
286,Ohio,Clark County,Census Tract 33.02,1128,85.8,3.5,0.0,4.8,0.3,0.3,5.4,23.1
287,Ohio,Clark County,Census Tract 34,1315,74.8,13.8,0.0,3.6,0.0,0.6,7.2,18.7
288,Ohio,Clark County,Census Tract 37,2076,78.1,6.2,0.0,1.1,0.0,0.0,14.7,24.5
289,Ohio,Clermont County,Census Tract 401.01,2483,73.4,11.7,0.0,1.9,0.0,2.3,10.7,36.7
290,Ohio,Clermont County,Census Tract 401.02,1362,88.8,6.8,0.0,1.0,0.0,1.0,2.3,32.2
291,Ohio,Clermont County,Census Tract 402.02,1165,79.2,6.5,0.0,1.5,0.0,0.0,12.8,31.9
292,Ohio,Clermont County,Census Tract 402.03,2746,75.0,13.0,0.0,1.1,0.0,0.0,11.0,25.6
293,Ohio,Clermont County,Census Tract 402.05,1445,78.1,8.6,2.1,0.0,0.0,0.0,11.1,29.4
294,Ohio,Clermont County,Census Tract 402.06,2472,80.7,6.0,2.5,0.7,0.0,1.7,8.3,29.2
295,Ohio,Clermont County,Census Tract 403.01,1826,72.1,2.6,0.0,0.0,0.0,0.0,25.4,27.6
296,Ohio,Clermont County,Census Tract 403.02,1720,66.3,2.1,0.0,1.0,0.0,0.5,30.1,24.6
297,Ohio,Clermont County,Census Tract 403.03,4609,75.5,5.2,0.0,1.1,0.0,0.6,17.6,26.4
298,Ohio,Clermont County,Census Tract 404.01,2007,72.3,0.5,0.0,0.0,0.0,2.1,25.0,21.5
299,Ohio,Clermont County,Census Tract 404.03,1243,76.0,9.3,0.0,2.1,0.0,0.0,12.6,25.8
300,Ohio,Clermont County,Census Tract 404.04,1784,73.0,2.7,0.0,0.0,0.0,3.8,20.5,22.5
301,Ohio,Clermont County,Census Tract 404.05,1891,79.1,3.6,0.0,0.0,0.0,1.1,16.2,53.1
302,Ohio,Clermont County,Census Tract 405,2599,77.3,5.7,0.3,7.4,0.0,0.0,9.3,20.4
303,Ohio,Clermont County,Census Tract 406,3607,73.1,3.6,0.0,0.0,0.0,1.5,21.9,26.5
304,Ohio,Clermont County,Census Tract 407.02,2775,83.6,4.5,0.0,2.1,0.0,0.0,9.8,29.5
305,Ohio,Clermont County,Census Tract 407.03,1616,72.5,5.6,0.0,1.2,0.0,0.8,19.8,23.8
306,Ohio,Clermont County,Census Tract 407.04,1430,82.7,3.0,0.0,0.0,0.0,1.1,13.1,25.8
307,Ohio,Clermont County,Census Tract 408,2130,85.2,6.1,0.0,0.3,0.0,0.0,8.4,27.5
308,Ohio,Clermont County,Census Tract 409,2720,83.5,7.6,0.0,0.3,0.0,1.2,7.4,26.8
309,Ohio,Clermont County,Census Tract 410.01,2253,83.3,7.0,0.7,0.9,0.0,1.3,6.9,28.4
310,Ohio,Clermont County,Census Tract 410.02,1507,79.4,4.5,2.2,1.1,0.0,0.0,12.8,23.5
311,Ohio,Clermont County,Census Tract 411.01,1545,80.8,2.6,0.3,2.3,0.0,0.0,14.0,25.8
312,Ohio,Clermont County,Census Tract 411.02,2487,75.9,8.9,1.0,0.2,0.0,0.0,13.9,28.4
313,Ohio,Clermont County,Census Tract 411.04,2228,71.5,12.2,1.1,0.0,0.0,1.3,13.8,28.3
314,Ohio,Clermont County,Census Tract 411.05,2315,78.2,9.3,1.5,0.0,0.0,1.7,9.3,30.2
315,Ohio,Clermont County,Census Tract 412.01,2332,73.3,18.3,0.0,0.0,0.0,0.0,8.4,21.6
316,Ohio,Clermont County,Census Tract 412.02,2265,72.7,7.8,0.0,0.0,0.0,0.8,18.7,30.3
317,Ohio,Clermont County,Census Tract 413.03,2745,74.6,7.4,0.2,0.2,0.0,0.5,17.0,23.1
318,Ohio,Clermont County,Census Tract 413.04,5,100.0,0.0,0.0,0.0,0.0,0.0,0.0,
319,Ohio,Clermont County,Census Tract 413.05,2839,80.3,4.2,0.0,0.0,0.0,0.5,15.0,23.5
320,Ohio,Clermont County,Census Tract 413.06,3831,84.9,2.7,0.0,0.0,0.6,1.2,10.6,18.9
321,Ohio,Clermont County,Census Tract 413.07,2680,77.2,4.9,1.0,0.2,0.0,0.9,15.8,24.4
322,Ohio,Clermont County,Census Tract 414.03,2336,83.3,3.7,0.0,0.0,0.0,0.0,13.0,26.3
323,Ohio,Clermont County,Census Tract 414.04,2569,75.8,1.1,0.0,0.0,0.0,0.0,23.1,25.9
324,Ohio,Clermont County,Census Tract 414.05,2910,80.0,9.4,0.0,0.0,0.0,0.2,10.4,24.7
325,Ohio,Clermont County,Census Tract 414.06,2668,75.0,4.6,0.0,1.0,0.4,1.4,17.5,28.0
326,Ohio,Clermont County,Census Tract 415.03,2878,75.3,7.6,0.0,2.1,0.0,1.6,13.4,38.0
327,Ohio,Clermont County,Census Tract 415.04,1949,81.9,4.4,1.9,0.4,3.8,0.9,6.7,24.7
328,Ohio,Clermont County,Census Tract 415.05,1514,67.4,10.3,0.0,0.0,0.0,0.0,22.3,28.7
329,Ohio,Clermont County,Census Tract 415.06,1326,73.5,2.0,0.0,0.0,0.0,0.8,23.7,25.3
330,Ohio,Clermont County,Census Tract 416,2274,87.2,6.0,0.0,0.0,0.0,0.0,6.8,24.8
331,Ohio,Clermont County,Census Tract 417.01,1962,83.3,10.0,0.0,0.6,0.0,3.3,2.8,32.1
332,Ohio,Clermont County,Census Tract 417.02,1822,87.7,6.7,0.0,2.1,0.0,0.0,3.5,32.0
333,Ohio,Clermont County,Census Tract 418,1509,75.0,15.2,0.0,1.1,0.0,0.0,8.7,33.4
334,Ohio,Clermont County,Census Tract 419,2718,76.1,7.6,0.0,2.0,0.0,0.2,14.2,39.7
335,Ohio,Clermont County,Census Tract 420.01,1328,75.8,7.5,0.0,1.1,0.0,0.8,14.8,44.2
336,Ohio,Clermont County,Census Tract 420.02,992,91.5,0.8,0.0,1.6,0.0,0.8,5.2,46.9
337,Ohio,Clinton County,Census Tract 9643,1361,70.7,20.1,0.0,3.6,0.0,0.0,5.7,22.3
338,Ohio,Clinton County,Census Tract 9644,2675,77.7,6.8,0.6,0.0,0.0,1.3,13.6,30.5
339,Ohio,Clinton County,Census Tract 9645.01,1226,82.4,9.4,1.1,0.0,0.0,5.1,2.1,17.6
340,Ohio,Clinton County,Census Tract 9645.02,1270,87.1,5.9,0.0,0.6,0.0,0.0,6.4,20.5
341,Ohio,Clinton County,Census Tract 9646,1592,77.7,8.5,0.1,0.0,0.0,7.7,5.9,14.7
342,Ohio,Clinton County,Census Tract 9647,2523,77.3,7.1,0.0,8.2,0.0,0.8,6.5,20.4
343,Ohio,Clinton County,Census Tract 9648,2347,87.1,3.7,0.0,0.0,0.0,2.9,6.2,28.8
344,Ohio,Clinton County,Census Tract 9649,2244,78.2,3.3,0.0,8.8,0.0,0.0,9.7,27.1
345,Ohio,Clinton County,Census Tract 9650,2040,79.0,8.3,0.0,2.6,0.0,0.0,10.1,28.2
346,Ohio,Clinton County,Census Tract 9651,2153,84.2,8.5,0.0,0.6,0.0,0.0,6.8,28.2
347,Ohio,Columbiana County,Census Tract 9501,2393,81.5,7.7,0.6,5.1,0.0,0.3,4.8,26.6
348,Ohio,Columbiana County,Census Tract 9502,2272,81.5,13.3,0.0,2.0,0.0,1.1,2.0,20.8
349,Ohio,Columbiana County,Census Tract 9503,2395,78.2,6.9,0.0,3.1,0.0,0.2,11.6,20.6
350,Ohio,Columbiana County,Census Tract 9504,1816,89.5,5.9,0.0,0.0,0.0,0.4,4.1,20.5
351,Ohio,Columbiana County,Census Tract 9505,2677,83.4,12.0,0.0,3.0,0.0,0.3,1.3,24.4
352,Ohio,Columbiana County,Census Tract 9506,2235,90.5,2.1,0.1,2.4,0.0,0.0,4.9,19.0
353,Ohio,Columbiana County,Census Tract 9507,2198,76.0,4.4,0.0,0.0,13.7,2.6,3.2,23.6
354,Ohio,Columbiana County,Census Tract 9508,2150,80.6,5.5,0.1,4.5,0.0,1.8,7.5,27.7
355,Ohio,Columbiana County,Census Tract 9509,1797,92.4,2.3,0.0,0.9,0.0,0.0,4.5,21.9
356,Ohio,Columbiana County,Census Tract 9510,2635,68.8,9.1,0.0,2.1,0.0,0.7,19.3,27.9
357,Ohio,Columbiana County,Census Tract 9511,1683,80.4,8.8,0.7,3.8,0.0,0.0,6.3,23.0
358,Ohio,Columbiana County,Census Tract 9512,1698,75.4,9.7,0.0,2.4,0.4,1.3,10.8,31.5
359,Ohio,Columbiana County,Census Tract 9513,1615,71.7,18.7,0.0,1.2,0.0,0.0,8.4,33.5
360,Ohio,Columbiana County,Census Tract 9514.01,1148,84.7,7.5,0.0,1.8,0.0,0.5,5.5,28.1
361,Ohio,Columbiana County,Census Tract 9514.02,993,80.0,13.8,0.0,0.4,0.0,2.7,3.1,25.2
362,Ohio,Columbiana County,Census Tract 9515,2228,77.8,11.5,0.0,3.0,0.0,0.0,7.7,22.4
363,Ohio,Columbiana County,Census Tract 9516,2674,77.2,14.4,0.0,0.6,0.0,0.0,7.8,22.2
364,Ohio,Columbiana County,Census Tract 9517,2751,90.7,4.5,0.0,2.1,0.0,0.0,2.7,32.4
365,Ohio,Columbiana County,Census Tract 9518,1259,65.8,28.0,0.0,0.0,0.0,0.0,6.2,20.4
366,Ohio,Columbiana County,Census Tract 9519,1326,90.8,3.8,1.3,1.5,0.0,1.5,1.1,21.8
367,Ohio,Columbiana County,Census Tract 9520,1449,66.3,26.8,0.0,3.6,0.0,1.3,2.1,27.4
368,Ohio,Columbiana County,Census Tract 9521,376,82.2,15.4,0.0,1.1,0.0,1.3,0.0,20.7
369,Ohio,Columbiana County,Census Tract 9522,533,77.3,16.3,0.0,0.0,0.0,5.4,0.9,23.6
370,Ohio,Columbiana County,Census Tract 9523,917,80.8,11.2,2.7,0.0,0.0,0.2,5.0,26.2
371,Ohio,Columbiana County,Census Tract 9524,1809,83.5,2.4,0.0,0.9,0.0,4.8,8.3,20.6
372,Ohio,Coshocton County,Census Tract 9609,2120,63.2,12.0,0.0,0.7,9.1,9.9,5.0,25.7
373,Ohio,Coshocton County,Census Tract 9610,1985,58.6,17.0,0.0,1.3,7.7,4.4,11.0,24.9
374,Ohio,Coshocton County,Census Tract 9611,1888,70.8,12.2,0.0,1.0,1.1,6.5,8.5,35.3
375,Ohio,Coshocton County,Census Tract 9612,1206,75.1,19.5,0.0,0.2,0.0,1.5,3.6,30.2
376,Ohio,Coshocton County,Census Tract 9613,1425,74.4,7.4,0.0,1.1,0.4,8.8,7.9,25.1
377,Ohio,Coshocton County,Census Tract 9614,833,68.1,7.3,0.0,2.6,0.0,9.6,12.4,16.8
378,Ohio,Coshocton County,Census Tract 9615,1239,70.1,10.7,2.3,0.4,0.0,7.2,9.4,21.3
379,Ohio,Coshocton County,Census Tract 9616,1178,73.9,8.7,0.0,7.1,0.0,1.5,8.8,19.4
380,Ohio,Coshocton County,Census Tract 9617,1174,84.5,9.6,0.0,2.9,0.0,0.0,3.0,17.2
381,Ohio,Coshocton County,Census Tract 9618,2408,82.2,12.7,0.6,1.2,0.0,0.5,2.8,23.8
382,Ohio,Crawford County,Census Tract 9741,1613,82.1,7.6,0.2,4.4,0.4,1.4,3.8,27.4
383,Ohio,Crawford County,Census Tract 9742,2240,91.0,1.7,0.0,0.6,0.0,1.9,4.7,21.8
384,Ohio,Crawford County,Census Tract 9743,1163,80.0,7.6,0.3,1.0,3.1,5.6,2.5,18.6
385,Ohio,Crawford County,Census Tract 9744,1446,80.8,9.8,0.0,1.2,0.0,3.7,4.5,19.3
386,Ohio,Crawford County,Census Tract 9745,1698,76.3,12.8,0.0,3.5,0.0,0.0,7.5,25.9
387,Ohio,Crawford County,Census Tract 9746,1135,83.3,9.8,0.0,3.3,0.0,0.0,3.7,17.9
388,Ohio,Crawford County,Census Tract 9747,1716,85.8,3.8,0.0,1.7,0.0,0.0,8.6,25.2
389,Ohio,Crawford County,Census Tract 9748,909,82.4,6.9,0.0,2.1,0.0,4.1,4.5,27.0
390,Ohio,Crawford County,Census Tract 9749,1507,77.5,2.1,0.0,2.6,0.0,5.2,12.5,23.9
391,Ohio,Crawford County,Census Tract 9750,1690,73.0,12.1,0.0,4.0,0.0,1.3,9.6,22.8
392,Ohio,Crawford County,Census Tract 9751,1556,82.8,5.0,0.0,1.1,0.0,0.0,11.1,29.1
393,Ohio,Crawford County,Census Tract 9752,1171,84.2,2.7,0.0,1.0,3.9,2.3,5.8,28.3
394,Ohio,Crawford County,Census Tract 9753,1367,87.1,7.2,0.0,0.0,0.0,0.0,5.8,23.9
395,Ohio,Cuyahoga County,Census Tract 1011.01,788,54.8,8.0,13.8,0.0,1.5,2.5,19.3,19.9
396,Ohio,Cuyahoga County,Census Tract 1011.02,2276,56.1,15.7,5.9,0.8,0.0,2.1,19.4,22.2
397,Ohio,Cuyahoga County,Census Tract 1012.01,1394,72.7,3.1,3.9,0.9,0.0,1.5,17.8,19.4
398,Ohio,Cuyahoga County,Census Tract 1013,1022,61.9,7.8,12.1,2.3,1.1,1.3,13.5,20.8
399,Ohio,Cuyahoga County,Census Tract 1014,839,67.8,15.3,6.6,2.9,0.5,0.0,7.0,27.3
400,Ohio,Cuyahoga County,Census Tract 1015.01,795,61.3,12.2,21.5,1.0,1.4,0.0,2.6,36.6
401,Ohio,Cuyahoga County,Census Tract 1016.03,754,55.0,22.4,5.4,1.5,0.0,6.8,8.9,21.8
402,Ohio,Cuyahoga County,Census Tract 1017,788,77.8,2.0,12.1,5.5,0.0,0.0,2.7,21.3
403,Ohio,Cuyahoga County,Census Tract 1018,955,57.8,15.1,10.6,6.4,0.0,5.0,5.1,19.1
404,Ohio,Cuyahoga County,Census Tract 1019.01,615,55.8,21.0,8.1,7.8,3.4,0.0,3.9,16.5
405,Ohio,Cuyahoga County,Census Tract 1021.01,1513,51.2,23.1,5.6,5.6,4.0,1.6,9.0,22.5
406,Ohio,Cuyahoga County,Census Tract 1021.02,1486,77.8,2.9,1.7,0.0,0.0,8.3,9.3,22.5
407,Ohio,Cuyahoga County,Census Tract 1022,1526,69.5,14.7,4.5,0.0,0.0,3.9,7.3,19.9
408,Ohio,Cuyahoga County,Census Tract 1023,641,59.6,15.0,4.4,11.7,5.3,4.1,0.0,22.7
409,Ohio,Cuyahoga County,Census Tract 1024.01,1007,82.4,5.0,4.0,3.8,0.0,0.0,4.9,21.1
410,Ohio,Cuyahoga County,Census Tract 1024.02,942,71.0,13.7,4.1,0.0,0.0,0.0,11.1,23.6
411,Ohio,Cuyahoga County,Census Tract 1027,1125,57.6,9.1,3.5,0.8,1.7,2.9,24.4,15.4
412,Ohio,Cuyahoga County,Census Tract 1028,473,61.3,22.8,9.1,0.0,2.3,1.9,2.5,25.3
413,Ohio,Cuyahoga County,Census Tract 1029,753,55.0,21.0,6.6,4.0,0.0,1.2,12.2,21.7
414,Ohio,Cuyahoga County,Census Tract 1033,949,45.1,8.4,2.6,16.2,0.9,0.0,26.7,22.9
415,Ohio,Cuyahoga County,Census Tract 1035,1085,70.1,5.6,1.8,0.7,0.9,0.3,20.6,22.9
416,Ohio,Cuyahoga County,Census Tract 1036.02,2462,62.3,2.2,3.6,3.5,0.7,1.3,26.3,17.6
417,Ohio,Cuyahoga County,Census Tract 1038,578,59.5,5.7,4.0,1.2,1.6,2.1,26.0,21.8
418,Ohio,Cuyahoga County,Census Tract 1044,761,58.2,14.1,0.4,2.1,2.8,0.0,22.5,18.8
