,GEO_0,GEO_1,GEO_2,workers_tot,drive_alone_pct,carpool_pct,pub_trans_pct,walk_pct,bike_pct,taxi_moto_pct,wfh_pct,mean_travel_time
0,Tennessee,,,3314309,75.8,8.4,0.4,1.2,0.1,1.2,12.9,25.7
0,Tennessee,Anderson County,,35374,76.8,8.4,0.1,0.8,0.1,0.7,13.1,24.5
1,Tennessee,Bedford County,,24357,74.8,13.3,0.0,0.6,0.0,0.9,10.5,28.4
2,Tennessee,Benton County,,6069,82.9,4.7,0.0,1.5,0.0,5.0,5.9,26.5
3,Tennessee,Bledsoe County,,5885,78.2,15.2,0.4,1.6,0.0,0.5,4.1,35.1
4,Tennessee,Blount County,,67081,78.8,7.3,0.1,0.8,0.0,0.7,12.3,25.3
5,Tennessee,Bradley County,,50573,79.0,10.4,0.0,1.1,0.1,0.2,9.1,23.3
6,Tennessee,Campbell County,,15688,81.2,8.2,0.1,0.5,0.1,1.1,8.8,30.1
7,Tennessee,Cannon County,,6255,81.4,7.5,1.0,0.5,0.0,0.0,9.6,35.4
8,Tennessee,Carroll County,,11543,79.9,8.5,0.0,2.8,0.0,2.8,5.9,26.2
9,Tennessee,Carter County,,23224,82.7,7.4,0.4,1.2,0.0,1.1,7.2,24.3
10,Tennessee,Cheatham County,,21212,74.8,9.2,0.2,0.5,0.0,1.5,13.7,33.5
11,Tennessee,Chester County,,7182,83.9,4.9,0.1,1.1,0.1,0.4,9.4,28.2
12,Tennessee,Claiborne County,,13193,76.7,10.3,0.2,2.0,0.0,0.5,10.4,27.4
13,Tennessee,Clay County,,2568,85.0,7.4,0.5,0.2,0.0,0.7,6.3,27.6
14,Tennessee,Cocke County,,15315,80.6,12.7,0.1,1.4,0.1,1.2,3.9,32.8
15,Tennessee,Coffee County,,26251,78.7,9.9,0.1,1.6,0.0,0.5,9.3,25.5
16,Tennessee,Crockett County,,6673,87.5,5.2,0.0,0.7,0.0,0.5,6.1,24.0
17,Tennessee,Cumberland County,,23083,79.3,8.9,0.3,1.3,0.2,0.7,9.3,22.9
18,Tennessee,Davidson County,,394905,66.8,8.0,1.4,1.8,0.3,1.4,20.3,24.7
19,Tennessee,Decatur County,,4480,83.4,9.5,0.0,1.3,0.0,0.3,5.5,26.8
20,Tennessee,DeKalb County,,8663,81.7,9.6,0.4,0.9,0.0,0.8,6.6,29.3
21,Tennessee,Dickson County,,26953,77.4,7.6,0.6,0.8,0.4,1.7,11.5,32.7
22,Tennessee,Dyer County,,15912,88.6,5.0,0.0,0.3,0.1,1.1,4.9,19.8
23,Tennessee,Fayette County,,20082,77.5,8.0,0.1,0.7,0.0,1.7,12.0,34.1
24,Tennessee,Fentress County,,6939,79.8,9.3,0.1,0.9,0.0,2.5,7.4,27.5
25,Tennessee,Franklin County,,19468,81.3,6.5,0.0,2.6,0.7,0.5,8.3,25.1
26,Tennessee,Gibson County,,21800,83.2,9.5,0.0,0.2,0.1,1.8,5.3,26.1
27,Tennessee,Giles County,,12991,82.1,9.1,0.0,0.9,0.2,0.9,6.8,29.8
28,Tennessee,Grainger County,,9882,82.5,7.7,0.0,0.5,0.2,1.5,7.6,32.3
29,Tennessee,Greene County,,29009,80.6,9.0,0.1,1.2,0.0,1.3,7.8,26.0
30,Tennessee,Grundy County,,5047,79.3,12.3,0.1,0.5,0.0,1.9,5.8,35.1
31,Tennessee,Hamblen County,,28208,83.7,8.4,0.0,0.6,0.1,1.7,5.4,23.9
32,Tennessee,Hamilton County,,183372,74.2,8.4,0.6,1.6,0.2,0.8,14.3,22.1
33,Tennessee,Hancock County,,2349,87.7,7.3,0.0,0.0,0.0,0.7,4.3,30.8
34,Tennessee,Hardeman County,,8718,80.0,9.0,0.4,0.2,0.2,2.0,8.2,32.6
35,Tennessee,Hardin County,,10803,83.8,7.1,0.0,0.6,0.0,1.1,7.3,25.9
36,Tennessee,Hawkins County,,21958,79.7,4.9,0.0,1.9,0.0,2.2,11.3,27.7
37,Tennessee,Haywood County,,7354,80.9,9.1,0.0,2.1,0.0,2.5,5.5,26.7
38,Tennessee,Henderson County,,11116,83.0,5.4,0.1,1.1,0.0,0.7,9.8,26.9
39,Tennessee,Henry County,,12960,82.2,5.9,0.4,0.7,0.0,3.6,7.2,21.6
40,Tennessee,Hickman County,,11395,75.2,14.9,0.1,0.9,0.0,0.0,8.9,36.7
41,Tennessee,Houston County,,3397,80.6,12.7,0.2,0.6,0.0,0.7,5.2,37.6
42,Tennessee,Humphreys County,,7882,78.3,13.2,0.0,1.6,0.0,0.5,6.3,34.7
43,Tennessee,Jackson County,,4891,78.3,10.2,0.0,0.5,0.0,1.2,9.8,33.4
44,Tennessee,Jefferson County,,26430,83.8,7.6,0.2,1.2,0.0,0.2,6.9,28.9
45,Tennessee,Johnson County,,6627,78.4,10.7,0.0,0.1,0.0,1.2,9.7,25.6
46,Tennessee,Knox County,,248407,75.8,6.7,0.5,1.6,0.1,0.9,14.4,22.2
47,Tennessee,Lake County,,1652,84.1,9.1,0.0,2.2,0.0,1.8,2.7,21.2
48,Tennessee,Lauderdale County,,8729,84.5,9.8,0.4,0.8,0.1,1.4,3.1,26.5
49,Tennessee,Lawrence County,,19315,78.7,8.3,0.1,1.3,0.4,0.6,10.6,25.6
50,Tennessee,Lewis County,,5931,81.6,6.9,0.0,0.2,0.0,4.9,6.4,33.6
51,Tennessee,Lincoln County,,15964,82.0,8.8,0.8,0.9,0.0,1.1,6.5,30.8
52,Tennessee,Loudon County,,25630,79.5,7.2,0.0,0.3,0.0,0.9,12.0,24.3
53,Tennessee,McMinn County,,23255,84.1,7.9,0.0,1.9,0.0,0.4,5.8,24.6
54,Tennessee,McNairy County,,10551,78.9,11.4,0.2,0.3,0.0,0.3,8.9,26.8
55,Tennessee,Macon County,,11882,76.4,15.8,0.1,0.8,0.0,1.3,5.7,34.8
56,Tennessee,Madison County,,44389,76.2,9.6,0.7,2.1,0.0,3.0,8.5,20.3
57,Tennessee,Marion County,,11739,74.5,9.1,0.9,0.8,0.2,1.6,13.1,33.9
58,Tennessee,Marshall County,,16638,77.6,6.6,0.0,0.8,0.0,0.7,14.3,29.9
59,Tennessee,Maury County,,52940,77.2,7.0,0.2,1.0,0.0,0.5,14.1,29.0
60,Tennessee,Meigs County,,5110,72.5,17.2,0.0,0.7,0.0,0.7,8.9,34.4
61,Tennessee,Monroe County,,18551,81.4,9.0,0.1,1.6,0.1,0.5,7.3,28.3
62,Tennessee,Montgomery County,,111668,79.6,8.7,0.4,1.2,0.1,1.4,8.5,27.8
63,Tennessee,Moore County,,2989,82.4,8.1,0.0,0.2,0.7,0.2,8.4,25.1
64,Tennessee,Morgan County,,7675,84.0,7.9,0.1,1.4,0.0,0.1,6.5,35.5
65,Tennessee,Obion County,,12681,81.7,10.3,0.1,1.6,0.2,2.8,3.2,20.2
66,Tennessee,Overton County,,10295,82.9,8.2,0.3,0.4,0.1,0.3,7.7,26.3
67,Tennessee,Perry County,,3559,70.0,16.5,2.4,0.7,0.0,0.0,10.3,32.8
68,Tennessee,Pickett County,,1877,79.4,10.3,0.0,1.5,0.1,0.2,8.4,31.2
69,Tennessee,Polk County,,7387,79.9,9.4,0.1,2.0,0.0,0.3,8.3,31.4
70,Tennessee,Putnam County,,39098,78.6,8.7,0.2,2.0,0.0,0.3,10.1,21.1
71,Tennessee,Rhea County,,13334,79.5,12.0,0.2,0.8,0.6,0.4,6.5,29.5
72,Tennessee,Roane County,,23347,81.2,7.7,0.0,1.1,0.0,1.1,8.9,28.4
73,Tennessee,Robertson County,,37559,79.2,6.8,0.0,0.5,0.0,1.3,12.2,30.7
74,Tennessee,Rutherford County,,191041,73.0,9.8,0.3,0.9,0.1,0.9,15.0,28.1
75,Tennessee,Scott County,,8677,82.9,11.0,0.0,0.9,0.0,1.5,3.7,30.1
76,Tennessee,Sequatchie County,,6206,74.4,6.1,0.2,1.7,0.0,1.8,15.9,31.7
77,Tennessee,Sevier County,,48155,79.1,12.4,0.2,0.9,0.0,0.4,6.9,26.6
78,Tennessee,Shelby County,,418661,76.6,9.4,0.5,1.3,0.1,1.3,10.8,22.3
79,Tennessee,Smith County,,9658,79.5,10.1,0.1,0.2,0.0,2.1,8.2,32.2
80,Tennessee,Stewart County,,5822,75.1,16.3,0.9,0.7,0.0,1.1,5.9,36.3
81,Tennessee,Sullivan County,,69428,79.5,7.2,0.2,1.0,0.0,1.5,10.6,21.9
82,Tennessee,Sumner County,,104034,74.0,7.7,0.1,0.5,0.0,1.6,16.2,29.0
83,Tennessee,Tipton County,,27409,78.9,8.9,0.1,0.8,0.1,0.6,10.7,32.9
84,Tennessee,Trousdale County,,5100,85.6,8.3,0.0,0.3,0.0,0.1,5.7,33.9
85,Tennessee,Unicoi County,,7720,82.8,8.7,0.0,1.3,0.0,1.1,6.0,25.9
86,Tennessee,Union County,,8758,74.1,9.7,1.4,2.9,0.0,0.4,11.5,34.6
87,Tennessee,Van Buren County,,2666,74.1,10.7,0.0,3.9,0.6,1.0,9.7,29.6
88,Tennessee,Warren County,,18067,78.5,13.4,0.1,1.0,0.0,0.6,6.4,26.9
89,Tennessee,Washington County,,63330,77.3,7.4,0.3,1.4,0.0,1.7,11.9,21.6
90,Tennessee,Wayne County,,6263,82.7,6.0,0.2,0.4,0.0,0.5,10.2,31.3
91,Tennessee,Weakley County,,14359,77.2,9.3,0.2,3.1,0.2,3.3,6.7,20.9
92,Tennessee,White County,,11532,81.7,6.5,0.0,0.5,0.0,0.8,10.5,23.7
93,Tennessee,Williamson County,,130018,64.9,5.1,0.1,0.5,0.0,1.1,28.3,27.9
94,Tennessee,Wilson County,,80136,74.3,6.9,0.4,0.4,0.0,1.3,16.8,30.1
0,Tennessee,Anderson County,Census Tract 201,1520,81.3,2.5,0.0,1.8,0.3,0.0,14.1,21.5
1,Tennessee,Anderson County,Census Tract 202.01,2562,66.9,9.6,0.0,0.4,0.5,0.9,21.7,20.4
2,Tennessee,Anderson County,Census Tract 202.02,1584,65.3,11.3,0.0,4.3,0.0,1.4,17.7,21.0
3,Tennessee,Anderson County,Census Tract 203,1830,71.8,15.5,0.0,0.5,0.0,0.7,11.5,22.0
4,Tennessee,Anderson County,Census Tract 204,2220,79.1,9.1,0.0,0.6,0.0,1.5,9.6,21.5
5,Tennessee,Anderson County,Census Tract 205,1970,67.6,7.5,0.0,5.7,0.0,0.7,18.5,20.9
6,Tennessee,Anderson County,Census Tract 206,1117,60.3,12.8,0.0,1.4,0.8,0.4,24.3,23.5
7,Tennessee,Anderson County,Census Tract 207,609,77.7,0.5,3.1,0.0,0.0,0.0,18.7,35.0
8,Tennessee,Anderson County,Census Tract 208,2035,82.9,12.2,0.0,0.1,0.0,2.1,2.7,32.0
9,Tennessee,Anderson County,Census Tract 209.01,2981,79.1,8.0,0.0,0.0,0.0,0.7,12.3,28.9
10,Tennessee,Anderson County,Census Tract 209.02,2981,75.2,2.8,0.0,0.0,0.0,0.0,21.9,22.6
11,Tennessee,Anderson County,Census Tract 210.01,1079,92.9,5.4,0.0,0.0,0.0,0.0,1.8,27.7
12,Tennessee,Anderson County,Census Tract 210.02,1152,89.9,1.0,0.0,0.0,0.0,0.0,9.0,19.0
13,Tennessee,Anderson County,Census Tract 211,1995,86.0,2.8,0.0,0.0,0.0,1.1,10.2,23.5
14,Tennessee,Anderson County,Census Tract 212.01,2455,82.3,9.5,0.0,0.0,0.0,0.0,8.3,23.3
15,Tennessee,Anderson County,Census Tract 212.02,2160,74.7,16.4,0.0,1.5,0.0,0.0,7.4,24.8
16,Tennessee,Anderson County,Census Tract 213.01,1887,77.6,9.2,0.0,0.4,0.0,0.7,12.0,22.6
17,Tennessee,Anderson County,Census Tract 213.03,1685,82.0,2.9,0.0,0.0,0.0,0.6,14.5,24.3
18,Tennessee,Anderson County,Census Tract 213.04,1552,72.6,14.7,0.0,0.0,0.0,1.7,11.0,36.4
19,Tennessee,Anderson County,Census Tract 9801,0,,,,,,,,
20,Tennessee,Bedford County,Census Tract 9501,2041,64.4,3.7,0.0,4.6,0.0,0.0,27.2,23.5
21,Tennessee,Bedford County,Census Tract 9502.01,1824,79.1,6.3,0.0,0.3,0.0,0.0,14.4,36.0
22,Tennessee,Bedford County,Census Tract 9502.02,1751,82.6,6.7,0.0,1.7,0.0,0.0,8.9,34.8
23,Tennessee,Bedford County,Census Tract 9503,1588,87.0,6.0,0.0,0.0,0.0,0.0,7.0,31.8
24,Tennessee,Bedford County,Census Tract 9504.01,3063,78.7,13.7,0.0,0.0,0.0,2.4,5.2,28.0
25,Tennessee,Bedford County,Census Tract 9504.02,3448,76.7,10.1,0.0,0.0,0.0,0.6,12.6,24.4
26,Tennessee,Bedford County,Census Tract 9505,3683,80.3,13.0,0.0,0.0,0.0,1.2,5.6,30.8
27,Tennessee,Bedford County,Census Tract 9506,3989,57.9,33.9,0.0,0.6,0.0,1.0,6.7,24.4
28,Tennessee,Bedford County,Census Tract 9507,1502,76.4,5.1,0.2,0.3,0.0,1.1,16.8,31.2
29,Tennessee,Bedford County,Census Tract 9508,1468,78.5,10.4,0.0,0.1,0.0,1.2,9.9,25.3
30,Tennessee,Benton County,Census Tract 9630,1091,78.6,6.0,0.0,0.0,0.0,1.5,14.0,30.9
31,Tennessee,Benton County,Census Tract 9631,1338,86.2,1.8,0.0,2.1,0.0,6.9,3.0,30.3
32,Tennessee,Benton County,Census Tract 9632,745,85.2,2.7,0.0,0.9,0.0,0.0,11.1,35.8
33,Tennessee,Benton County,Census Tract 9633,1411,83.0,5.2,0.0,0.0,0.0,8.9,2.9,18.4
34,Tennessee,Benton County,Census Tract 9634,1484,81.7,7.0,0.0,3.8,0.0,4.9,2.7,23.6
35,Tennessee,Bledsoe County,Census Tract 9530,1675,74.3,20.3,1.3,0.0,0.0,1.6,2.4,42.4
36,Tennessee,Bledsoe County,Census Tract 9531.01,974,84.5,7.4,0.0,2.2,0.0,0.0,6.0,30.4
37,Tennessee,Bledsoe County,Census Tract 9531.02,1935,78.8,15.6,0.0,1.4,0.0,0.0,4.3,23.8
38,Tennessee,Bledsoe County,Census Tract 9532,1301,77.6,14.1,0.0,3.5,0.0,0.0,4.8,45.8
39,Tennessee,Blount County,Census Tract 101,1842,68.2,21.4,0.7,0.0,0.0,1.2,8.4,23.8
40,Tennessee,Blount County,Census Tract 102,4148,72.9,12.2,0.0,0.0,0.0,0.0,14.8,22.3
41,Tennessee,Blount County,Census Tract 103.01,3329,77.1,12.6,0.0,0.0,0.0,0.0,10.3,24.4
42,Tennessee,Blount County,Census Tract 103.02,1799,85.6,4.9,0.0,1.3,0.0,0.7,7.4,23.7
43,Tennessee,Blount County,Census Tract 104,1821,85.6,6.3,0.0,0.2,0.0,0.1,7.9,20.7
44,Tennessee,Blount County,Census Tract 105,1101,67.4,19.9,0.0,0.1,0.0,1.6,11.0,19.2
45,Tennessee,Blount County,Census Tract 106,1768,73.1,3.3,0.0,13.2,0.0,0.0,10.4,17.7
46,Tennessee,Blount County,Census Tract 107,2481,77.6,11.9,0.0,0.3,0.0,1.5,8.7,22.4
47,Tennessee,Blount County,Census Tract 108,1499,88.7,6.3,0.0,0.8,1.4,0.8,2.1,21.0
48,Tennessee,Blount County,Census Tract 109,2888,79.5,2.0,0.0,1.0,0.0,0.0,17.5,23.2
49,Tennessee,Blount County,Census Tract 110.01,3148,83.4,7.4,0.0,1.4,0.0,1.0,6.7,22.5
50,Tennessee,Blount County,Census Tract 110.02,2119,74.7,5.7,0.0,0.3,0.0,0.0,19.3,29.8
51,Tennessee,Blount County,Census Tract 111.01,2787,82.1,2.2,0.0,1.3,0.0,0.5,13.9,25.6
52,Tennessee,Blount County,Census Tract 111.02,4320,80.4,7.1,0.0,2.2,0.0,0.0,10.3,21.6
53,Tennessee,Blount County,Census Tract 112.01,2505,75.2,5.4,0.0,0.8,0.0,4.3,14.3,22.4
54,Tennessee,Blount County,Census Tract 112.02,2184,85.4,3.3,1.1,0.6,0.0,0.5,9.0,31.4
55,Tennessee,Blount County,Census Tract 113.01,3211,81.0,6.2,0.0,0.0,0.0,0.8,11.9,27.9
56,Tennessee,Blount County,Census Tract 113.02,3083,81.1,0.9,0.0,0.0,0.0,1.1,16.9,25.9
57,Tennessee,Blount County,Census Tract 114.01,693,85.1,3.6,0.0,1.3,0.0,0.0,10.0,27.9
58,Tennessee,Blount County,Census Tract 114.03,1018,85.8,2.8,0.0,0.4,0.0,0.0,11.0,25.8
59,Tennessee,Blount County,Census Tract 114.04,927,84.9,2.2,0.0,0.0,0.0,0.0,12.9,31.5
60,Tennessee,Blount County,Census Tract 115.01,602,70.3,12.8,0.0,0.0,0.0,1.2,15.8,31.9
61,Tennessee,Blount County,Census Tract 115.02,1780,72.6,16.6,1.0,0.0,0.0,0.4,9.4,30.8
62,Tennessee,Blount County,Census Tract 115.03,3764,73.6,5.8,0.0,0.0,0.0,0.5,20.1,33.9
63,Tennessee,Blount County,Census Tract 116.03,2797,69.8,5.1,0.0,0.0,0.0,1.7,23.5,29.6
64,Tennessee,Blount County,Census Tract 116.04,2150,76.8,9.1,0.0,1.0,0.0,1.1,12.0,21.7
65,Tennessee,Blount County,Census Tract 116.05,1740,82.1,1.9,0.0,0.1,0.0,0.0,15.9,28.0
66,Tennessee,Blount County,Census Tract 116.06,3571,85.1,7.6,0.0,0.0,0.0,1.3,6.1,28.4
67,Tennessee,Blount County,Census Tract 116.07,2000,83.7,7.6,0.0,0.0,0.0,0.0,8.8,24.7
68,Tennessee,Blount County,Census Tract 9801,0,,,,,,,,
69,Tennessee,Blount County,Census Tract 9802,6,0.0,0.0,0.0,100.0,0.0,0.0,0.0,
70,Tennessee,Bradley County,Census Tract 101,2229,80.4,11.0,0.0,1.1,0.3,0.0,7.2,23.6
71,Tennessee,Bradley County,Census Tract 102.01,1230,75.4,16.6,0.0,0.0,0.0,1.2,6.7,21.7
72,Tennessee,Bradley County,Census Tract 102.02,1502,77.8,13.5,0.0,0.0,0.0,1.5,7.2,24.8
73,Tennessee,Bradley County,Census Tract 103,1510,78.3,9.7,0.0,0.8,0.0,1.3,9.9,18.4
74,Tennessee,Bradley County,Census Tract 104,1138,79.4,12.0,0.0,4.4,0.5,0.0,3.7,22.5
75,Tennessee,Bradley County,Census Tract 105,1903,67.3,7.6,0.0,14.4,1.3,0.0,9.5,15.4
76,Tennessee,Bradley County,Census Tract 106,1730,76.8,15.4,0.0,2.3,0.0,1.0,4.5,17.8
77,Tennessee,Bradley County,Census Tract 107,2010,77.7,16.3,0.0,1.0,0.0,0.0,5.0,25.4
78,Tennessee,Bradley County,Census Tract 108,1381,71.7,21.9,0.0,3.0,0.0,0.0,3.3,19.5
79,Tennessee,Bradley County,Census Tract 109,1586,84.6,8.3,0.0,0.0,0.0,0.0,7.1,21.3
80,Tennessee,Bradley County,Census Tract 110,2427,80.2,7.0,0.0,0.2,0.0,0.0,12.6,24.6
81,Tennessee,Bradley County,Census Tract 111.01,3062,83.7,9.8,0.0,0.0,0.0,0.0,6.5,24.9
82,Tennessee,Bradley County,Census Tract 111.02,1465,77.8,16.9,0.0,0.0,0.0,0.0,5.3,20.7
83,Tennessee,Bradley County,Census Tract 112.01,3797,84.0,8.4,0.0,0.0,0.0,0.0,7.6,24.4
84,Tennessee,Bradley County,Census Tract 112.03,2632,81.9,10.3,0.0,0.0,0.0,0.3,7.6,26.7
85,Tennessee,Bradley County,Census Tract 112.04,3000,71.4,10.0,0.4,0.0,0.0,0.7,17.5,21.6
86,Tennessee,Bradley County,Census Tract 113.01,2475,77.1,10.8,0.0,0.0,0.0,0.0,12.1,23.8
87,Tennessee,Bradley County,Census Tract 113.02,1130,84.7,0.2,0.0,0.8,0.0,0.0,14.3,23.7
88,Tennessee,Bradley County,Census Tract 114.02,1541,79.5,15.9,0.0,0.7,0.0,0.0,3.9,23.7
89,Tennessee,Bradley County,Census Tract 114.03,2176,84.1,6.8,0.0,0.0,0.0,0.0,9.1,22.4
90,Tennessee,Bradley County,Census Tract 114.04,1816,69.8,10.6,0.0,0.0,0.0,0.8,18.8,24.7
91,Tennessee,Bradley County,Census Tract 115.01,2725,81.0,7.1,0.0,1.7,0.0,0.0,10.3,23.0
92,Tennessee,Bradley County,Census Tract 115.02,1688,84.3,5.3,0.4,0.0,0.0,0.0,10.1,23.2
93,Tennessee,Bradley County,Census Tract 116.01,2513,77.2,10.9,0.0,1.4,0.0,0.0,10.5,26.3
94,Tennessee,Bradley County,Census Tract 116.02,1907,84.3,7.7,0.0,0.3,0.0,0.0,7.7,32.2
95,Tennessee,Campbell County,Census Tract 9501,737,63.2,23.2,0.0,0.0,0.0,4.3,9.2,33.4
96,Tennessee,Campbell County,Census Tract 9502,795,79.4,7.7,0.0,1.4,0.0,0.0,11.6,27.4
97,Tennessee,Campbell County,Census Tract 9503,489,92.6,1.6,0.0,0.0,0.0,2.7,3.1,41.9
98,Tennessee,Campbell County,Census Tract 9504,1969,81.5,5.6,0.0,0.0,0.0,3.2,9.7,26.4
99,Tennessee,Campbell County,Census Tract 9505,2270,84.0,6.6,0.0,0.3,0.0,0.0,9.2,22.5
100,Tennessee,Campbell County,Census Tract 9506.01,934,80.8,15.1,0.0,1.8,0.0,0.0,2.2,19.6
101,Tennessee,Campbell County,Census Tract 9506.02,1025,74.8,5.5,0.0,1.2,0.0,2.1,16.4,27.1
102,Tennessee,Campbell County,Census Tract 9507.01,761,87.0,3.2,0.0,0.7,0.0,0.0,9.2,28.2
103,Tennessee,Campbell County,Census Tract 9507.02,1093,84.4,12.4,0.0,0.0,1.4,0.0,1.7,35.7
104,Tennessee,Campbell County,Census Tract 9508,798,74.7,10.5,0.0,0.0,0.0,3.6,11.2,36.7
105,Tennessee,Campbell County,Census Tract 9509,1454,74.7,7.0,0.0,1.0,0.0,0.6,16.7,33.5
106,Tennessee,Campbell County,Census Tract 9510,725,83.7,12.1,0.0,1.5,0.0,0.6,2.1,31.4
107,Tennessee,Campbell County,Census Tract 9511,2638,86.5,6.0,0.5,0.3,0.0,0.0,6.7,35.9
108,Tennessee,Cannon County,Census Tract 9601,1694,78.1,3.3,3.2,0.7,0.0,0.0,14.7,35.5
109,Tennessee,Cannon County,Census Tract 9602.01,1193,79.5,10.2,0.0,1.6,0.0,0.0,8.6,34.2
110,Tennessee,Cannon County,Census Tract 9602.02,1966,81.7,7.1,0.4,0.0,0.0,0.0,10.8,35.8
111,Tennessee,Cannon County,Census Tract 9603,1402,86.7,10.8,0.0,0.0,0.0,0.0,2.4,35.7
112,Tennessee,Carroll County,Census Tract 9620,1736,75.1,18.0,0.0,0.0,0.0,2.8,4.1,25.5
113,Tennessee,Carroll County,Census Tract 9621.01,1134,91.2,1.9,0.0,2.3,0.0,0.0,4.7,22.2
114,Tennessee,Carroll County,Census Tract 9621.02,1488,84.1,11.0,0.0,0.8,0.0,0.0,4.1,23.8
115,Tennessee,Carroll County,Census Tract 9622.01,1258,70.8,2.7,0.0,11.6,0.0,2.9,12.0,27.6
116,Tennessee,Carroll County,Census Tract 9622.02,2099,81.5,3.6,0.0,5.8,0.0,2.8,6.3,20.6
117,Tennessee,Carroll County,Census Tract 9623,1868,78.3,11.9,0.0,0.0,0.0,5.5,4.2,33.2
118,Tennessee,Carroll County,Census Tract 9624,1079,80.6,6.2,0.0,1.0,0.0,6.5,5.7,29.1
119,Tennessee,Carroll County,Census Tract 9625,881,79.8,9.1,0.0,1.2,0.0,1.4,8.5,30.0
120,Tennessee,Carroll County,Census Tract 9801,0,,,,,,,,
121,Tennessee,Carter County,Census Tract 701,801,70.9,11.2,0.0,4.4,0.0,4.5,9.0,19.6
122,Tennessee,Carter County,Census Tract 702,1933,78.5,2.0,0.0,0.7,0.0,0.0,18.8,25.3
123,Tennessee,Carter County,Census Tract 703,2136,83.0,3.7,0.0,2.4,0.0,4.8,6.0,22.2
124,Tennessee,Carter County,Census Tract 704,774,75.2,13.0,0.0,0.9,0.0,0.0,10.9,18.5
125,Tennessee,Carter County,Census Tract 705,1540,82.4,6.6,0.0,0.8,0.0,2.2,8.0,28.0
126,Tennessee,Carter County,Census Tract 706,1169,84.5,5.6,4.8,0.0,0.0,0.0,5.0,24.4
127,Tennessee,Carter County,Census Tract 707,1745,82.7,4.7,2.6,0.0,0.0,2.8,7.2,22.4
128,Tennessee,Carter County,Census Tract 708,1287,73.4,13.8,0.0,0.0,0.0,0.0,12.8,30.2
129,Tennessee,Carter County,Census Tract 709,1812,78.3,6.1,0.0,7.8,0.0,0.0,7.8,20.5
130,Tennessee,Carter County,Census Tract 710,981,85.2,10.2,0.0,0.0,0.0,0.0,4.6,19.9
131,Tennessee,Carter County,Census Tract 711,693,86.6,3.0,0.0,1.4,0.0,0.0,8.9,19.0
132,Tennessee,Carter County,Census Tract 712,1567,85.4,8.3,0.0,0.5,0.0,0.0,5.7,21.8
133,Tennessee,Carter County,Census Tract 713.01,1367,94.2,5.0,0.0,0.0,0.0,0.0,0.7,25.1
134,Tennessee,Carter County,Census Tract 713.02,1606,91.8,2.4,0.0,0.0,0.0,0.0,5.8,28.0
135,Tennessee,Carter County,Census Tract 714,1310,82.4,16.3,0.1,0.0,0.0,0.0,1.2,24.0
136,Tennessee,Carter County,Census Tract 715,512,89.5,7.4,0.0,0.0,0.0,1.4,1.8,26.0
137,Tennessee,Carter County,Census Tract 716,553,77.8,15.0,0.0,0.0,0.0,2.2,5.1,35.3
138,Tennessee,Carter County,Census Tract 717,1438,82.7,12.8,0.0,0.0,0.0,1.3,3.3,28.4
139,Tennessee,Cheatham County,Census Tract 701.02,2106,81.1,4.8,0.0,0.0,0.0,1.9,12.2,35.5
140,Tennessee,Cheatham County,Census Tract 701.03,1929,70.1,16.3,0.0,0.0,0.0,0.9,12.6,43.5
141,Tennessee,Cheatham County,Census Tract 701.04,2612,83.3,4.7,0.0,0.0,0.0,3.1,9.0,35.1
142,Tennessee,Cheatham County,Census Tract 702.01,2821,72.7,7.1,0.5,1.1,0.0,1.3,17.3,34.9
143,Tennessee,Cheatham County,Census Tract 702.02,2708,81.2,7.4,0.0,0.0,0.0,0.0,11.4,32.6
144,Tennessee,Cheatham County,Census Tract 702.03,2309,81.7,6.5,1.0,1.2,0.0,0.0,9.5,31.8
145,Tennessee,Cheatham County,Census Tract 703,1872,69.6,15.1,0.0,1.0,0.0,2.8,11.5,27.0
146,Tennessee,Cheatham County,Census Tract 704.01,1434,76.4,10.5,0.0,0.0,0.0,2.4,10.6,26.7
147,Tennessee,Cheatham County,Census Tract 704.02,3421,61.4,12.7,0.2,0.8,0.0,1.7,23.2,32.7
148,Tennessee,Chester County,Census Tract 9701.01,1540,92.1,1.8,0.0,0.1,0.0,0.9,5.1,29.9
149,Tennessee,Chester County,Census Tract 9701.02,1428,88.0,4.5,0.0,0.8,0.0,0.5,6.2,28.9
150,Tennessee,Chester County,Census Tract 9702,1653,78.5,6.4,0.0,4.2,0.5,0.7,9.7,23.1
151,Tennessee,Chester County,Census Tract 9703.01,653,83.0,11.0,0.0,0.0,0.0,0.0,6.0,31.5
152,Tennessee,Chester County,Census Tract 9703.02,1908,79.3,4.4,0.3,0.0,0.0,0.0,16.0,29.4
153,Tennessee,Claiborne County,Census Tract 9701,1144,85.3,9.0,0.0,1.3,0.0,0.0,4.4,27.1
154,Tennessee,Claiborne County,Census Tract 9702,999,79.5,5.2,0.0,3.2,0.0,0.0,12.1,24.2
155,Tennessee,Claiborne County,Census Tract 9703,1461,72.7,11.0,0.0,6.1,0.0,0.0,10.2,22.1
156,Tennessee,Claiborne County,Census Tract 9704,202,73.3,9.4,0.0,7.4,0.0,0.0,9.9,26.0
157,Tennessee,Claiborne County,Census Tract 9705,1310,83.1,3.7,0.0,0.0,0.0,0.0,13.2,38.6
158,Tennessee,Claiborne County,Census Tract 9706,2185,81.2,10.9,1.1,0.5,0.0,0.0,6.3,28.2
159,Tennessee,Claiborne County,Census Tract 9707,2265,70.0,11.7,0.0,1.9,0.0,2.2,14.2,22.9
160,Tennessee,Claiborne County,Census Tract 9708,1862,66.1,20.7,0.0,3.0,0.0,0.0,10.2,29.6
161,Tennessee,Claiborne County,Census Tract 9709,1765,82.9,4.6,0.0,0.0,0.0,0.9,11.6,28.0
162,Tennessee,Clay County,Census Tract 9550,1651,86.4,4.7,0.8,0.2,0.0,1.0,6.8,27.6
163,Tennessee,Clay County,Census Tract 9551,917,82.4,12.2,0.0,0.0,0.0,0.0,5.3,27.6
164,Tennessee,Cocke County,Census Tract 9201,1739,89.0,8.8,0.0,1.7,0.0,0.0,0.5,29.4
165,Tennessee,Cocke County,Census Tract 9202,2318,69.6,23.4,0.0,0.0,0.0,2.9,4.0,28.6
166,Tennessee,Cocke County,Census Tract 9203,2033,87.5,9.8,0.5,0.7,0.0,0.6,0.9,33.0
167,Tennessee,Cocke County,Census Tract 9204,769,74.6,7.0,0.0,8.8,0.0,2.3,7.2,40.3
168,Tennessee,Cocke County,Census Tract 9205.01,2825,86.5,6.4,0.0,1.3,0.7,2.7,2.4,27.2
169,Tennessee,Cocke County,Census Tract 9205.02,2100,84.0,10.4,0.0,1.5,0.0,0.0,4.0,39.0
170,Tennessee,Cocke County,Census Tract 9206,1701,73.2,15.6,0.0,2.4,0.0,0.0,8.8,27.7
171,Tennessee,Cocke County,Census Tract 9207,1830,75.4,17.7,0.0,0.0,0.0,0.5,6.4,44.9
172,Tennessee,Cocke County,Census Tract 9801,0,,,,,,,,
173,Tennessee,Coffee County,Census Tract 9701,1690,88.5,5.8,0.0,0.0,0.0,0.0,5.7,29.3
174,Tennessee,Coffee County,Census Tract 9702.01,2140,62.9,12.5,0.0,0.0,0.0,0.0,24.7,36.5
175,Tennessee,Coffee County,Census Tract 9702.02,1719,85.7,3.8,0.0,0.0,0.0,1.0,9.4,28.3
176,Tennessee,Coffee County,Census Tract 9703,897,62.7,22.1,0.0,0.0,0.0,1.4,13.8,34.1
177,Tennessee,Coffee County,Census Tract 9704.01,780,69.9,21.5,0.0,0.0,0.0,2.3,6.3,30.8
178,Tennessee,Coffee County,Census Tract 9704.02,2764,76.0,10.6,0.0,0.2,0.0,0.9,12.3,25.6
179,Tennessee,Coffee County,Census Tract 9705.01,474,80.0,11.2,0.0,0.0,0.0,5.9,3.0,35.0
180,Tennessee,Coffee County,Census Tract 9705.02,2716,66.2,17.7,0.6,6.3,0.0,0.0,9.2,21.2
181,Tennessee,Coffee County,Census Tract 9706,1844,89.4,3.5,0.0,1.2,0.0,0.0,5.9,26.6
182,Tennessee,Coffee County,Census Tract 9707,1915,80.8,11.2,0.0,0.8,0.0,0.0,7.2,28.2
183,Tennessee,Coffee County,Census Tract 9708.01,1829,88.3,4.0,0.0,3.3,0.0,0.7,3.6,21.2
184,Tennessee,Coffee County,Census Tract 9708.03,1246,89.2,3.6,0.0,1.0,0.0,0.0,6.2,29.5
185,Tennessee,Coffee County,Census Tract 9708.04,1484,75.7,13.7,0.0,0.0,0.0,0.0,10.6,18.2
186,Tennessee,Coffee County,Census Tract 9709,1858,83.5,6.4,0.0,2.0,0.0,1.2,6.9,19.8
187,Tennessee,Coffee County,Census Tract 9710.01,625,86.2,4.2,0.0,3.7,0.0,0.0,5.9,15.5
188,Tennessee,Coffee County,Census Tract 9710.02,2270,80.2,10.0,0.0,2.9,0.0,0.0,6.9,20.6
189,Tennessee,Coffee County,Census Tract 9801,0,,,,,,,,
190,Tennessee,Crockett County,Census Tract 9610,965,88.6,5.0,0.0,0.1,0.0,0.0,6.3,27.2
191,Tennessee,Crockett County,Census Tract 9611,1909,84.5,9.1,0.0,0.7,0.0,0.0,5.7,22.4
192,Tennessee,Crockett County,Census Tract 9612,796,82.4,7.3,0.0,1.9,0.0,4.1,4.3,30.1
193,Tennessee,Crockett County,Census Tract 9613,1008,91.9,3.4,0.0,0.0,0.0,0.0,4.8,28.3
194,Tennessee,Crockett County,Census Tract 9614,1995,89.6,1.7,0.0,0.7,0.0,0.2,7.9,19.2
195,Tennessee,Cumberland County,Census Tract 9701.01,901,63.8,6.0,0.0,2.3,0.0,0.0,27.9,15.9
196,Tennessee,Cumberland County,Census Tract 9701.03,856,77.5,4.6,0.0,0.0,0.0,0.9,17.1,25.7
197,Tennessee,Cumberland County,Census Tract 9701.04,430,69.5,9.3,0.0,0.0,0.0,0.0,21.2,12.2
198,Tennessee,Cumberland County,Census Tract 9702.01,1996,71.8,18.7,0.0,6.4,0.0,0.0,3.1,17.1
199,Tennessee,Cumberland County,Census Tract 9702.02,806,90.3,2.2,0.0,0.0,0.0,0.0,7.4,29.8
200,Tennessee,Cumberland County,Census Tract 9703.01,1607,89.9,4.5,0.0,0.0,0.0,0.0,5.6,26.9
201,Tennessee,Cumberland County,Census Tract 9703.02,1597,69.2,18.3,0.0,0.7,1.6,0.0,10.1,27.8
202,Tennessee,Cumberland County,Census Tract 9704.01,2128,78.3,10.4,1.3,0.0,0.0,1.7,8.2,14.8
203,Tennessee,Cumberland County,Census Tract 9704.02,677,88.2,3.0,0.0,0.7,0.0,0.0,8.1,23.7
204,Tennessee,Cumberland County,Census Tract 9705.01,1503,91.2,4.3,0.0,0.0,0.0,0.1,4.5,24.4
205,Tennessee,Cumberland County,Census Tract 9705.02,1637,79.5,11.5,0.0,4.9,1.3,0.7,2.0,17.3
206,Tennessee,Cumberland County,Census Tract 9706.01,1935,82.0,9.9,0.0,0.0,0.0,0.0,8.1,23.0
207,Tennessee,Cumberland County,Census Tract 9706.02,1408,73.6,8.0,2.9,0.1,0.0,0.2,15.3,21.6
208,Tennessee,Cumberland County,Census Tract 9706.03,866,73.2,6.2,0.0,0.8,0.0,0.0,19.7,23.7
209,Tennessee,Cumberland County,Census Tract 9707.01,693,79.8,6.5,0.0,0.0,0.0,3.0,10.7,27.2
210,Tennessee,Cumberland County,Census Tract 9707.02,2102,79.3,7.6,0.0,2.2,0.0,1.0,9.9,28.0
211,Tennessee,Cumberland County,Census Tract 9708,1941,84.8,4.9,0.4,0.0,0.0,2.6,7.2,28.7
212,Tennessee,Davidson County,Census Tract 101.03,1137,57.4,13.2,0.0,0.0,0.0,2.1,27.3,24.7
213,Tennessee,Davidson County,Census Tract 101.04,1395,60.0,7.1,0.0,0.4,0.0,0.4,32.1,27.7
214,Tennessee,Davidson County,Census Tract 101.05,2458,73.5,5.8,0.9,0.8,0.0,0.0,19.0,25.5
215,Tennessee,Davidson County,Census Tract 101.06,1478,74.4,10.7,0.0,0.0,0.0,0.0,15.0,26.2
216,Tennessee,Davidson County,Census Tract 102.01,2177,79.5,5.1,0.0,0.0,0.0,0.2,15.2,27.5
217,Tennessee,Davidson County,Census Tract 102.02,2123,72.9,5.0,0.0,2.9,0.0,1.3,17.9,28.8
218,Tennessee,Davidson County,Census Tract 103.01,1937,79.9,8.4,0.0,0.0,0.2,0.2,11.4,32.0
219,Tennessee,Davidson County,Census Tract 103.02,930,81.2,2.7,0.0,0.0,0.0,1.9,14.2,22.4
220,Tennessee,Davidson County,Census Tract 103.03,2912,74.9,5.3,0.0,0.6,0.0,6.1,13.2,26.2
221,Tennessee,Davidson County,Census Tract 104.01,2769,86.5,2.4,2.1,0.0,0.0,1.8,7.2,28.9
222,Tennessee,Davidson County,Census Tract 104.03,1679,81.7,3.2,6.5,0.0,0.0,2.4,6.3,27.1
223,Tennessee,Davidson County,Census Tract 104.04,1394,64.8,8.2,13.1,0.7,0.0,0.0,13.2,29.9
224,Tennessee,Davidson County,Census Tract 105.01,3020,69.0,13.2,0.0,0.8,0.0,1.1,15.9,25.3
225,Tennessee,Davidson County,Census Tract 105.02,2764,81.6,4.8,0.0,0.0,0.0,2.1,11.5,27.0
226,Tennessee,Davidson County,Census Tract 106.01,2567,68.9,13.9,0.0,1.0,0.0,0.0,16.2,24.8
227,Tennessee,Davidson County,Census Tract 106.02,1491,75.3,16.5,0.0,3.6,0.0,0.0,4.6,27.2
228,Tennessee,Davidson County,Census Tract 107.01,2477,66.8,18.2,0.6,2.6,0.0,0.9,10.9,28.4
229,Tennessee,Davidson County,Census Tract 107.02,1805,49.0,14.3,12.8,3.5,0.0,0.0,20.3,26.9
230,Tennessee,Davidson County,Census Tract 108.01,3010,77.1,6.6,1.9,0.0,0.0,2.0,12.4,20.3
231,Tennessee,Davidson County,Census Tract 108.02,1713,63.3,16.9,1.2,1.5,0.0,0.0,17.0,24.7
232,Tennessee,Davidson County,Census Tract 109.01,1786,78.9,11.9,0.0,2.0,0.0,0.3,6.9,28.1
233,Tennessee,Davidson County,Census Tract 109.03,3698,73.7,15.5,2.1,0.0,0.0,0.9,7.8,25.5
234,Tennessee,Davidson County,Census Tract 109.04,1091,67.5,15.6,4.4,0.0,0.0,3.2,9.3,21.3
235,Tennessee,Davidson County,Census Tract 110.01,3591,65.6,15.5,3.4,0.3,0.0,1.1,14.1,26.5
236,Tennessee,Davidson County,Census Tract 110.02,1705,74.5,9.0,0.6,0.0,0.0,0.0,15.8,23.5
237,Tennessee,Davidson County,Census Tract 111,2076,68.4,6.8,0.0,0.0,0.0,0.0,24.8,23.9
238,Tennessee,Davidson County,Census Tract 112,2848,61.2,6.4,0.2,1.0,0.8,0.0,30.4,22.5
239,Tennessee,Davidson County,Census Tract 113,3537,65.9,8.0,1.2,0.9,0.5,2.6,20.9,20.5
240,Tennessee,Davidson County,Census Tract 114,3433,53.6,2.0,2.0,0.0,0.0,0.0,42.3,24.6
241,Tennessee,Davidson County,Census Tract 115,2311,60.5,2.8,0.6,0.5,0.4,5.0,30.1,26.7
242,Tennessee,Davidson County,Census Tract 116,3097,51.5,2.2,0.0,0.0,0.0,0.6,45.7,27.0
243,Tennessee,Davidson County,Census Tract 117,3797,65.6,4.9,1.2,3.4,0.0,3.1,21.9,18.2
244,Tennessee,Davidson County,Census Tract 118,1529,71.9,6.5,0.5,0.0,0.5,0.8,19.7,29.8
245,Tennessee,Davidson County,Census Tract 119,1776,56.3,6.8,0.0,8.2,0.0,6.5,22.2,23.0
246,Tennessee,Davidson County,Census Tract 121,1804,52.2,1.2,0.0,1.3,0.8,0.9,43.5,19.3
247,Tennessee,Davidson County,Census Tract 122,1469,55.3,3.1,0.0,0.0,2.0,1.1,38.5,27.1
248,Tennessee,Davidson County,Census Tract 126,1038,70.1,5.4,2.7,0.8,0.0,0.0,21.0,26.2
249,Tennessee,Davidson County,Census Tract 127.01,3531,61.6,18.1,1.0,2.2,0.8,5.0,11.2,20.0
250,Tennessee,Davidson County,Census Tract 127.02,1177,69.4,6.4,0.0,0.7,0.0,0.3,23.3,18.4
251,Tennessee,Davidson County,Census Tract 128.01,2040,72.1,7.1,3.7,0.0,0.0,5.0,12.1,21.0
252,Tennessee,Davidson County,Census Tract 128.02,1471,75.1,17.6,1.8,0.0,0.0,2.9,2.6,25.1
253,Tennessee,Davidson County,Census Tract 130.01,547,69.3,10.6,1.5,0.0,0.0,0.0,18.6,22.4
254,Tennessee,Davidson County,Census Tract 130.02,0,,,,,,,,
255,Tennessee,Davidson County,Census Tract 131,1200,63.9,3.6,0.0,0.0,0.0,1.2,31.3,24.1
256,Tennessee,Davidson County,Census Tract 132.01,1544,66.6,13.0,0.0,0.0,0.5,0.0,19.9,21.4
257,Tennessee,Davidson County,Census Tract 132.02,2328,60.8,2.5,0.0,0.0,0.0,0.0,36.7,22.1
258,Tennessee,Davidson County,Census Tract 133,3652,69.8,0.0,2.7,0.0,0.0,0.0,27.5,25.2
259,Tennessee,Davidson County,Census Tract 134,2999,63.3,3.9,0.0,0.0,4.6,0.3,27.8,18.5
260,Tennessee,Davidson County,Census Tract 135,1631,47.8,11.0,2.0,1.2,0.9,0.0,37.2,15.7
261,Tennessee,Davidson County,Census Tract 136,2666,60.8,7.3,9.5,10.6,0.0,3.8,8.0,19.5
262,Tennessee,Davidson County,Census Tract 137.01,1856,64.9,5.8,1.9,0.5,5.2,1.1,20.5,21.9
263,Tennessee,Davidson County,Census Tract 137.02,2362,59.4,13.3,3.4,2.3,0.0,0.1,21.5,20.2
264,Tennessee,Davidson County,Census Tract 138,683,37.3,9.2,21.5,2.6,0.0,2.3,26.9,33.5
265,Tennessee,Davidson County,Census Tract 139,1022,55.6,27.0,2.3,0.0,0.6,1.1,13.5,15.1
266,Tennessee,Davidson County,Census Tract 142,997,49.9,15.1,12.5,4.9,1.5,8.7,7.2,18.1
267,Tennessee,Davidson County,Census Tract 143,1034,70.7,15.1,1.5,0.0,1.1,3.2,8.5,16.2
268,Tennessee,Davidson County,Census Tract 144,1913,64.5,8.5,0.6,8.8,0.0,0.9,16.7,15.3
269,Tennessee,Davidson County,Census Tract 148,117,6.0,17.9,76.1,0.0,0.0,0.0,0.0,
270,Tennessee,Davidson County,Census Tract 151,2288,65.5,14.6,1.2,0.7,0.0,0.0,18.0,22.5
271,Tennessee,Davidson County,Census Tract 152,1395,69.5,10.2,0.0,0.0,0.0,1.9,18.5,23.4
272,Tennessee,Davidson County,Census Tract 153,3440,72.4,6.2,0.0,0.0,0.0,0.3,21.1,22.1
273,Tennessee,Davidson County,Census Tract 154.01,2964,66.6,8.8,1.1,0.0,0.0,7.1,16.4,27.7
274,Tennessee,Davidson County,Census Tract 154.02,2738,69.7,5.3,1.2,1.1,0.0,3.0,19.8,26.1
275,Tennessee,Davidson County,Census Tract 154.04,1416,62.9,12.4,2.3,0.0,0.0,1.1,21.5,25.2
276,Tennessee,Davidson County,Census Tract 154.05,2547,57.8,11.1,2.0,0.0,0.0,5.1,24.0,28.8
277,Tennessee,Davidson County,Census Tract 155.01,2241,71.2,2.1,0.0,0.0,0.0,2.4,24.4,23.5
278,Tennessee,Davidson County,Census Tract 155.02,2523,65.6,4.6,0.8,0.0,0.0,4.0,24.9,25.9
279,Tennessee,Davidson County,Census Tract 156.09,3287,64.3,7.1,0.8,5.4,0.0,0.6,21.8,26.3
280,Tennessee,Davidson County,Census Tract 156.13,1533,73.4,18.5,0.0,0.0,0.0,2.0,6.1,19.0
281,Tennessee,Davidson County,Census Tract 156.14,1989,78.8,6.5,2.1,0.0,0.0,0.0,12.6,30.0
282,Tennessee,Davidson County,Census Tract 156.15,2439,71.5,23.0,0.5,0.0,0.0,1.0,4.0,26.8
283,Tennessee,Davidson County,Census Tract 156.17,1469,72.8,4.3,0.3,0.0,0.0,0.0,22.5,34.1
284,Tennessee,Davidson County,Census Tract 156.18,3783,62.8,11.9,3.9,0.0,0.0,0.6,20.8,33.7
285,Tennessee,Davidson County,Census Tract 156.19,2361,81.2,4.7,0.2,0.0,0.0,0.0,13.9,30.7
286,Tennessee,Davidson County,Census Tract 156.20,3404,75.9,11.1,0.0,0.0,0.0,0.0,13.0,30.4
287,Tennessee,Davidson County,Census Tract 156.22,2155,70.6,5.9,1.0,0.0,0.0,0.0,22.5,30.9
288,Tennessee,Davidson County,Census Tract 156.23,3289,72.8,7.0,0.0,0.0,0.0,1.7,18.5,32.4
289,Tennessee,Davidson County,Census Tract 156.24,2887,84.3,0.4,0.8,0.0,0.0,0.0,14.5,23.7
290,Tennessee,Davidson County,Census Tract 156.25,3428,63.2,10.4,2.5,0.3,0.0,1.0,22.6,31.2
291,Tennessee,Davidson County,Census Tract 156.26,3866,71.2,11.3,1.6,2.5,0.0,0.0,13.3,22.9
292,Tennessee,Davidson County,Census Tract 156.27,2312,68.7,26.0,0.0,0.0,0.0,0.0,5.4,27.7
293,Tennessee,Davidson County,Census Tract 156.28,2621,57.6,18.9,5.8,0.7,0.0,1.1,15.9,33.3
294,Tennessee,Davidson County,Census Tract 156.29,3378,58.1,13.7,7.5,3.2,0.0,1.4,16.1,35.2
295,Tennessee,Davidson County,Census Tract 156.30,3761,73.8,9.5,0.0,0.7,0.0,0.6,15.4,30.6
296,Tennessee,Davidson County,Census Tract 156.32,2479,77.5,2.7,0.0,0.0,0.0,1.3,18.5,21.5
297,Tennessee,Davidson County,Census Tract 156.33,2383,59.2,4.7,1.6,0.0,0.0,0.0,34.5,26.0
298,Tennessee,Davidson County,Census Tract 156.34,7697,80.1,5.8,0.0,0.0,0.0,0.4,13.7,29.9
299,Tennessee,Davidson County,Census Tract 156.35,1488,61.8,8.9,0.0,0.0,0.0,0.7,28.6,32.7
300,Tennessee,Davidson County,Census Tract 156.36,1910,62.6,18.8,3.6,0.0,0.0,2.4,12.7,31.9
301,Tennessee,Davidson County,Census Tract 156.37,2247,68.9,9.2,0.9,0.0,0.0,3.0,17.9,41.9
302,Tennessee,Davidson County,Census Tract 157,999,76.7,6.1,4.8,0.0,0.0,0.0,12.4,33.7
303,Tennessee,Davidson County,Census Tract 158.04,2769,76.9,4.2,1.8,0.0,0.0,1.8,15.3,26.8
304,Tennessee,Davidson County,Census Tract 158.05,1566,78.2,6.6,0.0,3.3,0.0,2.4,9.6,27.7
305,Tennessee,Davidson County,Census Tract 158.06,2454,64.1,21.4,2.5,2.7,0.0,0.7,8.6,22.1
306,Tennessee,Davidson County,Census Tract 159,1030,59.8,4.9,7.5,11.3,0.0,0.5,16.1,26.3
307,Tennessee,Davidson County,Census Tract 160,1430,55.2,17.7,16.2,2.3,0.0,0.0,8.6,32.8
308,Tennessee,Davidson County,Census Tract 161,1683,64.3,7.6,0.0,1.2,0.0,0.0,26.9,15.9
309,Tennessee,Davidson County,Census Tract 162,1784,64.1,2.4,10.8,0.0,0.0,0.0,22.7,22.9
310,Tennessee,Davidson County,Census Tract 163,1936,55.3,0.5,2.4,9.2,6.3,1.1,25.3,20.2
311,Tennessee,Davidson County,Census Tract 164,1906,40.1,3.2,0.7,28.8,0.6,1.3,25.3,18.3
312,Tennessee,Davidson County,Census Tract 165,2165,35.9,3.7,4.6,29.1,0.6,1.5,24.7,13.5
313,Tennessee,Davidson County,Census Tract 166,2296,62.7,1.6,2.2,5.6,2.4,2.0,23.5,14.0
314,Tennessee,Davidson County,Census Tract 167,2974,60.2,9.5,1.4,0.7,1.0,0.0,27.1,14.8
315,Tennessee,Davidson County,Census Tract 168,2817,43.8,2.3,1.5,8.2,2.5,0.0,41.6,18.4
316,Tennessee,Davidson County,Census Tract 169,3030,50.9,4.3,2.3,3.6,6.8,1.4,30.8,15.9
317,Tennessee,Davidson County,Census Tract 170,2229,45.4,8.2,0.0,8.6,0.3,3.2,34.2,18.4
318,Tennessee,Davidson County,Census Tract 171,2697,69.2,0.4,1.7,0.9,0.3,1.6,25.9,16.2
319,Tennessee,Davidson County,Census Tract 172,1383,65.8,6.5,0.0,0.0,0.0,0.0,27.7,20.0
320,Tennessee,Davidson County,Census Tract 173,1674,75.7,7.2,0.0,4.1,0.0,0.0,13.0,18.9
321,Tennessee,Davidson County,Census Tract 174.01,1323,69.6,18.4,0.0,0.0,0.4,0.0,11.6,19.0
322,Tennessee,Davidson County,Census Tract 174.02,3714,72.7,13.5,0.0,0.0,0.0,0.0,13.8,21.0
323,Tennessee,Davidson County,Census Tract 175,1442,72.8,10.0,0.7,0.0,0.0,0.0,16.5,23.5
324,Tennessee,Davidson County,Census Tract 177.01,1245,70.4,2.5,0.0,0.6,0.0,0.6,26.0,18.0
325,Tennessee,Davidson County,Census Tract 177.02,2848,50.9,7.9,2.7,9.6,0.5,3.8,24.6,16.1
326,Tennessee,Davidson County,Census Tract 178,4275,65.6,2.7,0.0,2.0,0.0,3.4,26.2,19.4
327,Tennessee,Davidson County,Census Tract 179.01,2619,66.6,1.1,0.1,6.0,0.0,0.5,25.9,17.1
328,Tennessee,Davidson County,Census Tract 179.02,2220,70.4,3.3,0.0,0.9,0.0,0.0,25.5,16.4
329,Tennessee,Davidson County,Census Tract 180,2353,69.4,2.7,0.0,0.0,2.4,0.0,25.5,18.5
330,Tennessee,Davidson County,Census Tract 181.01,2334,61.1,3.5,5.2,2.5,0.0,5.1,22.6,28.3
331,Tennessee,Davidson County,Census Tract 181.02,1910,76.9,0.5,0.6,0.5,0.0,0.5,21.1,19.8
332,Tennessee,Davidson County,Census Tract 182.01,1989,66.3,7.0,1.5,0.4,0.0,1.2,23.7,28.1
333,Tennessee,Davidson County,Census Tract 182.03,744,71.6,5.2,0.0,1.3,0.0,1.6,20.2,21.1
334,Tennessee,Davidson County,Census Tract 182.04,2114,72.1,4.4,0.0,0.0,0.0,3.3,20.2,21.2
335,Tennessee,Davidson County,Census Tract 182.05,2163,66.0,6.6,0.0,0.0,0.0,0.0,27.5,24.4
336,Tennessee,Davidson County,Census Tract 183.02,1533,61.0,7.0,0.0,0.0,0.0,1.6,30.4,29.4
337,Tennessee,Davidson County,Census Tract 183.03,3220,66.1,2.9,0.0,0.0,0.0,0.0,31.1,24.8
338,Tennessee,Davidson County,Census Tract 183.04,2633,70.1,5.7,0.0,0.0,0.0,0.0,24.1,23.9
339,Tennessee,Davidson County,Census Tract 184.04,2534,65.8,4.0,0.9,0.0,0.0,1.1,28.2,25.9
340,Tennessee,Davidson County,Census Tract 184.05,2419,71.9,6.1,0.0,0.2,0.0,0.3,21.4,25.1
341,Tennessee,Davidson County,Census Tract 184.07,3207,64.7,9.1,0.0,0.0,0.0,0.7,25.5,29.3
342,Tennessee,Davidson County,Census Tract 184.08,1699,66.5,5.5,0.0,1.1,0.0,0.5,26.4,24.2
343,Tennessee,Davidson County,Census Tract 184.09,2520,57.2,4.6,1.7,0.0,0.0,0.0,36.4,26.8
344,Tennessee,Davidson County,Census Tract 184.10,2150,77.4,7.0,0.0,0.0,0.0,2.0,13.6,21.2
345,Tennessee,Davidson County,Census Tract 184.11,1490,71.5,3.6,0.0,0.0,0.0,3.3,21.7,25.7
346,Tennessee,Davidson County,Census Tract 184.12,2759,69.8,7.1,1.0,0.5,0.0,0.4,21.2,24.6
347,Tennessee,Davidson County,Census Tract 185,2302,69.8,8.4,0.0,1.2,0.0,0.4,20.2,19.6
348,Tennessee,Davidson County,Census Tract 186.01,969,69.3,1.1,0.0,0.0,0.0,0.3,29.2,20.6
349,Tennessee,Davidson County,Census Tract 186.02,1877,69.0,4.3,0.0,2.0,0.0,1.2,23.5,17.6
350,Tennessee,Davidson County,Census Tract 187,1571,77.1,4.5,0.0,0.0,0.0,0.0,18.4,22.0
351,Tennessee,Davidson County,Census Tract 188.01,3222,73.6,4.2,0.0,0.0,0.7,1.6,19.9,24.4
352,Tennessee,Davidson County,Census Tract 188.03,2428,64.5,4.6,0.0,8.2,0.0,0.2,22.5,18.4
353,Tennessee,Davidson County,Census Tract 188.04,2789,75.5,5.8,0.0,0.0,0.0,0.0,18.6,23.3
354,Tennessee,Davidson County,Census Tract 189.01,1655,79.5,8.5,0.2,0.0,0.0,2.7,9.1,19.8
355,Tennessee,Davidson County,Census Tract 189.02,1616,71.0,5.6,0.0,1.2,0.8,1.5,19.8,19.3
356,Tennessee,Davidson County,Census Tract 189.04,1749,55.1,20.1,3.3,0.0,0.0,1.7,19.8,23.1
357,Tennessee,Davidson County,Census Tract 189.05,1808,73.7,8.9,0.0,0.8,0.0,0.9,15.8,21.6
358,Tennessee,Davidson County,Census Tract 190.03,2045,65.1,19.5,1.5,0.3,0.0,3.1,10.5,24.8
359,Tennessee,Davidson County,Census Tract 190.04,1685,71.8,13.6,0.8,0.0,0.0,4.5,9.3,32.9
360,Tennessee,Davidson County,Census Tract 190.07,1582,69.4,14.2,6.3,2.0,0.0,3.5,4.6,26.5
361,Tennessee,Davidson County,Census Tract 190.08,2521,63.2,26.3,0.2,0.0,0.0,3.3,7.0,25.1
362,Tennessee,Davidson County,Census Tract 191.05,2471,77.5,12.5,0.0,0.0,0.0,0.0,9.9,25.2
363,Tennessee,Davidson County,Census Tract 191.06,2619,68.5,11.3,0.0,0.0,0.0,0.0,20.1,23.6
364,Tennessee,Davidson County,Census Tract 191.08,1215,68.1,20.3,1.2,2.2,0.0,2.5,5.7,29.1
365,Tennessee,Davidson County,Census Tract 191.09,2134,72.4,10.4,0.2,0.0,0.0,0.1,16.8,26.7
366,Tennessee,Davidson County,Census Tract 191.10,1735,69.5,10.8,0.0,0.6,0.0,4.2,14.8,26.9
367,Tennessee,Davidson County,Census Tract 191.11,2808,79.7,2.2,3.5,0.2,0.0,3.0,11.4,26.8
368,Tennessee,Davidson County,Census Tract 191.12,2860,75.6,6.9,0.2,0.0,0.0,2.9,14.5,31.5
369,Tennessee,Davidson County,Census Tract 191.15,2022,67.8,3.4,0.0,0.5,0.0,1.0,27.3,28.4
370,Tennessee,Davidson County,Census Tract 191.16,5277,74.9,7.6,0.0,0.0,0.9,0.7,16.0,28.3
371,Tennessee,Davidson County,Census Tract 191.17,3487,62.9,10.4,0.0,0.0,0.0,0.5,26.1,29.0
372,Tennessee,Davidson County,Census Tract 191.18,2724,72.2,14.6,3.6,0.0,0.0,0.0,9.5,33.7
373,Tennessee,Davidson County,Census Tract 191.19,5084,72.7,7.3,0.0,0.0,0.0,0.0,20.0,34.3
374,Tennessee,Davidson County,Census Tract 191.20,2902,55.3,6.5,0.0,0.0,0.0,0.0,38.2,29.2
375,Tennessee,Davidson County,Census Tract 191.21,2023,50.2,16.0,0.0,0.0,0.0,4.0,29.9,32.8
376,Tennessee,Davidson County,Census Tract 192,2204,58.9,8.7,1.2,1.8,0.6,2.5,26.3,21.8
377,Tennessee,Davidson County,Census Tract 193,1566,50.5,8.6,3.0,5.5,2.0,2.3,28.2,17.7
378,Tennessee,Davidson County,Census Tract 194.01,2792,59.5,4.1,1.7,12.0,0.0,3.2,19.4,21.4
