,GEO_0,GEO_1,GEO_2,workers_tot,drive_alone_pct,carpool_pct,pub_trans_pct,walk_pct,bike_pct,taxi_moto_pct,wfh_pct,mean_travel_time
0,Kentucky,,,2017413,76.6,9.3,0.6,2.0,0.2,1.1,10.2,24.0
0,Kentucky,Adair County,,7811,71.6,10.1,0.0,2.4,0.0,2.1,13.7,23.8
1,Kentucky,Allen County,,9070,81.6,8.9,0.1,3.6,0.0,0.2,5.7,27.3
2,Kentucky,Anderson County,,11331,80.5,7.8,0.0,0.7,0.0,1.6,9.5,30.4
3,Kentucky,Ballard County,,3396,87.2,7.6,0.2,1.6,0.0,0.8,2.6,26.5
4,Kentucky,Barren County,,18272,77.3,12.0,0.4,1.5,0.0,1.5,7.3,23.4
5,Kentucky,Bath County,,5058,80.4,11.2,0.0,2.7,0.0,0.2,5.5,30.0
6,Kentucky,Bell County,,7072,72.3,16.7,0.3,5.6,0.3,0.5,4.4,22.7
7,Kentucky,Boone County,,69770,77.0,7.3,0.4,0.3,0.1,1.6,13.4,25.0
8,Kentucky,Bourbon County,,8971,73.4,12.0,0.2,2.1,0.5,1.0,10.7,25.4
9,Kentucky,Boyd County,,18936,80.7,9.6,0.1,2.7,0.0,0.9,5.9,22.1
10,Kentucky,Boyle County,,12837,77.7,7.4,0.1,4.1,0.0,0.6,10.0,21.3
11,Kentucky,Bracken County,,3654,80.5,14.0,0.2,1.9,0.0,0.0,3.4,34.5
12,Kentucky,Breathitt County,,4150,71.7,17.0,0.1,3.3,0.0,0.8,7.0,28.2
13,Kentucky,Breckinridge County,,8293,81.5,9.7,1.1,2.3,0.0,1.7,3.8,32.7
14,Kentucky,Bullitt County,,41578,80.3,8.4,0.0,0.9,0.0,0.4,10.0,28.7
15,Kentucky,Butler County,,4895,79.8,11.7,0.0,5.4,0.0,1.0,2.1,27.2
16,Kentucky,Caldwell County,,5300,80.5,13.4,0.0,1.9,0.0,0.1,4.0,24.4
17,Kentucky,Calloway County,,17370,78.3,8.5,0.1,6.1,0.1,0.8,6.0,17.3
18,Kentucky,Campbell County,,47834,71.7,7.2,0.8,2.2,0.2,0.8,17.1,23.5
19,Kentucky,Carlisle County,,2066,85.2,8.8,0.6,0.3,0.0,0.8,4.3,26.1
20,Kentucky,Carroll County,,4287,83.1,6.9,0.0,1.7,0.0,3.4,4.8,23.3
21,Kentucky,Carter County,,9378,80.6,11.3,0.0,3.3,0.7,0.5,3.6,30.4
22,Kentucky,Casey County,,5540,73.6,11.8,0.5,2.9,1.1,0.5,9.6,29.2
23,Kentucky,Christian County,,30551,75.1,11.0,0.2,7.0,0.8,1.3,4.5,20.1
24,Kentucky,Clark County,,16207,78.4,7.7,0.1,0.4,0.2,1.1,12.3,24.2
25,Kentucky,Clay County,,6218,76.0,11.3,0.4,1.0,0.1,1.8,9.4,29.1
26,Kentucky,Clinton County,,4079,81.1,11.1,0.0,0.0,0.0,0.5,7.3,20.4
27,Kentucky,Crittenden County,,3274,71.4,19.7,0.0,2.6,0.0,0.8,5.5,24.7
28,Kentucky,Cumberland County,,2082,88.6,6.0,0.0,2.6,0.0,0.2,2.6,19.2
29,Kentucky,Daviess County,,47098,84.1,7.2,0.4,1.4,0.4,0.3,6.1,19.3
30,Kentucky,Edmonson County,,4594,75.7,13.9,0.0,3.0,0.0,0.1,7.4,32.9
31,Kentucky,Elliott County,,1963,81.2,10.9,0.2,0.5,0.0,0.0,7.3,41.0
32,Kentucky,Estill County,,4948,76.5,9.4,0.1,4.5,0.8,1.7,7.0,35.3
33,Kentucky,Fayette County,,167458,73.1,8.7,1.5,3.1,0.5,1.0,12.2,20.9
34,Kentucky,Fleming County,,5863,80.0,11.0,0.0,1.2,0.1,1.0,6.7,33.1
35,Kentucky,Floyd County,,11073,82.9,10.6,0.1,1.9,0.1,1.2,3.2,27.1
36,Kentucky,Franklin County,,24214,73.1,9.9,0.7,1.5,0.0,0.5,14.2,20.0
37,Kentucky,Fulton County,,2134,72.1,17.7,0.0,4.7,0.0,1.5,4.0,20.9
38,Kentucky,Gallatin County,,3968,78.3,15.2,0.0,1.6,0.0,0.4,4.5,29.5
39,Kentucky,Garrard County,,7266,76.7,10.4,0.9,0.3,0.0,0.7,11.0,33.1
40,Kentucky,Grant County,,11598,78.7,10.2,0.0,2.9,0.0,0.6,7.6,26.9
41,Kentucky,Graves County,,15276,80.9,8.4,0.1,1.2,0.0,2.0,7.4,20.7
42,Kentucky,Grayson County,,10581,77.9,13.5,0.2,1.3,0.4,0.2,6.6,27.9
43,Kentucky,Green County,,4474,83.0,8.4,1.2,0.3,0.0,2.1,5.1,27.2
44,Kentucky,Greenup County,,13411,81.5,10.2,0.0,2.5,0.0,0.7,5.0,24.1
45,Kentucky,Hancock County,,3921,85.5,10.0,0.0,0.4,0.0,1.1,3.1,25.0
46,Kentucky,Hardin County,,50958,76.7,9.4,0.2,2.7,0.3,1.5,9.2,22.4
47,Kentucky,Harlan County,,7533,76.8,14.9,0.7,1.2,0.0,0.6,5.8,23.8
48,Kentucky,Harrison County,,8413,79.7,11.6,0.0,2.7,0.0,0.9,5.1,28.2
49,Kentucky,Hart County,,7596,76.3,15.1,0.1,0.8,0.4,2.7,4.8,28.7
50,Kentucky,Henderson County,,19433,77.9,11.9,0.4,2.3,0.5,1.8,5.2,22.8
51,Kentucky,Henry County,,6814,76.3,12.9,0.0,0.7,0.0,1.4,8.7,30.5
52,Kentucky,Hickman County,,1982,74.1,7.0,3.1,1.1,0.0,7.6,7.1,21.2
53,Kentucky,Hopkins County,,17792,88.4,6.5,0.0,1.0,0.0,0.4,3.7,21.3
54,Kentucky,Jackson County,,4412,81.1,6.8,0.8,2.6,0.0,0.8,7.9,37.7
55,Kentucky,Jefferson County,,382485,72.4,8.4,1.5,1.7,0.3,1.5,14.2,22.2
56,Kentucky,Jessamine County,,25094,76.3,10.0,0.4,2.0,0.0,0.2,11.2,23.8
57,Kentucky,Johnson County,,7640,83.3,7.8,0.0,0.5,0.0,1.4,6.9,23.5
58,Kentucky,Kenton County,,87715,75.0,7.1,0.9,1.3,0.2,1.6,14.1,22.3
59,Kentucky,Knott County,,4235,75.3,12.3,0.0,4.1,0.0,0.7,7.6,27.1
60,Kentucky,Knox County,,8757,79.8,9.1,0.0,0.7,0.0,1.5,8.8,24.4
61,Kentucky,Larue County,,6517,83.6,6.4,0.2,0.0,0.0,0.3,9.5,28.2
62,Kentucky,Laurel County,,26244,76.1,12.7,0.1,0.9,0.0,1.6,8.7,22.6
63,Kentucky,Lawrence County,,5270,83.9,8.0,0.3,1.7,0.0,0.6,5.5,30.1
64,Kentucky,Lee County,,2357,71.9,16.6,0.1,1.8,0.0,2.3,7.3,43.4
65,Kentucky,Leslie County,,3194,80.0,15.9,0.0,0.1,0.0,0.0,4.0,36.8
66,Kentucky,Letcher County,,6654,71.5,15.2,0.1,2.4,0.0,3.2,7.6,28.3
67,Kentucky,Lewis County,,4533,77.0,10.0,0.0,1.0,0.0,0.0,12.0,38.6
68,Kentucky,Lincoln County,,9203,79.8,9.5,0.1,1.6,0.0,0.1,8.9,31.1
69,Kentucky,Livingston County,,3721,78.8,8.4,1.5,3.4,0.0,3.0,4.9,29.2
70,Kentucky,Logan County,,11253,84.5,8.7,0.0,1.4,0.0,1.5,3.9,28.1
71,Kentucky,Lyon County,,3212,85.9,4.2,0.0,4.3,0.0,0.8,4.8,28.3
72,Kentucky,McCracken County,,30327,81.7,6.0,0.7,2.0,0.5,0.8,8.3,17.6
73,Kentucky,McCreary County,,4480,77.9,10.6,0.1,0.1,0.5,1.7,9.2,32.3
74,Kentucky,McLean County,,3771,82.7,9.1,0.1,0.6,0.0,0.7,6.8,31.4
75,Kentucky,Madison County,,45654,76.4,8.9,0.1,3.8,0.3,0.9,9.6,25.2
76,Kentucky,Magoffin County,,2923,77.8,12.4,0.3,4.4,0.0,2.6,2.5,30.8
77,Kentucky,Marion County,,8260,84.6,10.4,0.0,0.2,0.0,1.6,3.1,22.4
78,Kentucky,Marshall County,,13759,78.2,10.3,0.1,1.6,0.0,1.9,7.9,23.7
79,Kentucky,Martin County,,2797,86.7,8.7,0.2,0.0,0.0,0.6,3.9,32.3
80,Kentucky,Mason County,,7145,81.8,6.9,0.3,2.1,0.5,0.2,8.1,26.8
81,Kentucky,Meade County,,14228,81.1,7.0,0.1,1.2,0.1,0.9,9.6,33.0
82,Kentucky,Menifee County,,2028,83.4,5.3,0.0,2.5,0.0,0.2,8.6,29.8
83,Kentucky,Mercer County,,10397,78.1,10.2,0.0,0.3,0.0,0.6,10.9,27.2
84,Kentucky,Metcalfe County,,4081,80.1,10.3,0.0,1.4,0.0,0.0,8.3,25.9
85,Kentucky,Monroe County,,4902,79.8,13.0,0.0,1.8,0.0,0.7,4.5,28.4
86,Kentucky,Montgomery County,,12263,82.9,7.7,0.1,1.0,0.0,0.8,7.6,25.7
87,Kentucky,Morgan County,,4509,78.7,12.5,1.1,0.5,0.0,0.9,6.4,27.3
88,Kentucky,Muhlenberg County,,11766,86.0,7.1,0.0,1.5,0.0,1.3,4.0,27.0
89,Kentucky,Nelson County,,22872,82.6,8.4,0.1,1.1,0.0,1.8,6.0,26.6
90,Kentucky,Nicholas County,,3105,84.1,10.2,0.0,1.4,0.0,0.3,4.0,35.6
91,Kentucky,Ohio County,,9385,85.1,9.3,0.2,0.5,0.0,0.0,4.8,28.1
92,Kentucky,Oldham County,,33262,71.8,8.1,0.2,0.7,0.0,0.5,18.7,26.2
93,Kentucky,Owen County,,4750,71.9,14.5,0.5,0.8,0.0,1.1,11.3,41.9
94,Kentucky,Owsley County,,1085,72.8,12.5,0.0,2.6,0.0,2.9,9.1,31.5
95,Kentucky,Pendleton County,,6431,77.1,9.6,0.4,2.5,0.0,1.1,9.4,36.4
96,Kentucky,Perry County,,9524,72.9,16.2,0.1,2.0,0.0,0.6,8.2,24.8
97,Kentucky,Pike County,,18934,79.5,12.0,0.2,1.4,0.0,1.0,5.8,25.3
98,Kentucky,Powell County,,4645,88.6,6.2,0.0,0.9,0.0,0.3,4.0,26.6
99,Kentucky,Pulaski County,,25695,79.7,11.8,0.0,0.8,0.0,1.0,6.7,23.3
100,Kentucky,Robertson County,,771,88.3,8.4,0.0,0.0,0.0,0.0,3.2,29.4
101,Kentucky,Rockcastle County,,5904,78.3,8.6,0.2,1.4,0.0,1.2,10.4,26.4
102,Kentucky,Rowan County,,10578,75.3,7.7,0.4,7.6,0.0,0.5,8.5,24.7
103,Kentucky,Russell County,,7174,80.5,11.8,0.0,2.1,0.0,0.3,5.3,19.8
104,Kentucky,Scott County,,29518,77.3,10.0,0.1,1.3,0.0,0.7,10.5,22.2
105,Kentucky,Shelby County,,23403,76.0,9.9,0.2,0.7,0.0,0.6,12.6,27.2
106,Kentucky,Simpson County,,9051,79.2,13.2,0.2,1.6,0.1,0.3,5.3,21.0
107,Kentucky,Spencer County,,9532,79.8,4.9,0.2,0.8,0.3,0.8,13.3,32.7
108,Kentucky,Taylor County,,11620,77.2,8.8,0.0,1.9,0.0,2.2,9.8,22.7
109,Kentucky,Todd County,,5117,73.7,9.4,0.1,0.4,1.7,2.6,12.1,27.8
110,Kentucky,Trigg County,,5552,76.1,10.4,0.2,1.4,0.0,1.6,10.3,24.3
111,Kentucky,Trimble County,,3702,75.7,13.6,0.0,4.2,0.0,2.4,4.1,27.2
112,Kentucky,Union County,,5596,81.5,9.5,0.0,1.8,0.0,0.8,6.4,22.1
113,Kentucky,Warren County,,68165,75.8,11.9,0.1,3.3,0.1,1.3,7.6,20.3
114,Kentucky,Washington County,,5413,77.1,12.4,0.3,2.9,0.1,0.4,6.8,22.4
115,Kentucky,Wayne County,,7137,72.3,14.2,0.2,0.7,0.4,1.5,10.8,24.8
116,Kentucky,Webster County,,5120,80.9,12.4,0.0,3.1,0.1,0.8,2.6,28.7
117,Kentucky,Whitley County,,13608,72.5,14.3,0.1,2.5,0.3,0.3,9.9,24.5
118,Kentucky,Wolfe County,,1590,82.1,9.4,0.4,0.0,0.0,1.9,6.2,32.1
119,Kentucky,Woodford County,,13747,75.6,7.8,0.0,1.3,0.0,0.4,14.9,24.0
0,Kentucky,Adair County,Census Tract 9701,693,72.9,15.7,0.0,2.5,0.0,0.6,8.4,31.1
1,Kentucky,Adair County,Census Tract 9702,686,82.7,9.3,0.0,0.0,0.0,0.0,8.0,34.1
2,Kentucky,Adair County,Census Tract 9703,1121,70.0,3.3,0.0,0.0,0.0,12.5,14.2,33.6
3,Kentucky,Adair County,Census Tract 9704.01,1899,66.6,13.6,0.0,3.5,0.0,0.8,15.4,19.1
4,Kentucky,Adair County,Census Tract 9704.02,1842,68.9,11.6,0.0,5.4,0.0,0.0,14.1,13.8
5,Kentucky,Adair County,Census Tract 9705,937,72.3,6.1,0.0,1.0,0.0,0.0,20.7,21.0
6,Kentucky,Adair County,Census Tract 9706,633,82.9,7.4,0.0,0.0,0.0,1.1,8.5,32.0
7,Kentucky,Allen County,Census Tract 9201,1480,86.1,8.1,0.4,0.1,0.0,0.0,5.3,29.1
8,Kentucky,Allen County,Census Tract 9202,1448,62.5,5.8,0.0,21.8,0.0,0.0,9.9,23.8
9,Kentucky,Allen County,Census Tract 9203,2095,88.2,9.7,0.0,0.0,0.0,0.0,2.1,26.1
10,Kentucky,Allen County,Census Tract 9204,2040,88.9,7.5,0.0,0.0,0.0,0.6,3.1,25.1
11,Kentucky,Allen County,Census Tract 9205,542,87.1,3.9,0.0,1.1,0.0,1.1,6.8,29.9
12,Kentucky,Allen County,Census Tract 9206,1465,74.4,15.2,0.0,0.0,0.0,0.0,10.4,32.8
13,Kentucky,Anderson County,Census Tract 9501.01,962,83.9,8.2,0.0,0.0,0.0,0.0,7.9,22.8
14,Kentucky,Anderson County,Census Tract 9501.02,2874,76.7,10.8,0.0,0.3,0.0,0.7,11.5,23.3
15,Kentucky,Anderson County,Census Tract 9502.01,2780,83.6,6.9,0.0,0.0,0.0,1.9,7.6,29.2
16,Kentucky,Anderson County,Census Tract 9502.02,1986,79.3,8.8,0.0,0.0,0.0,1.6,10.3,40.7
17,Kentucky,Anderson County,Census Tract 9503,1374,75.9,7.9,0.0,4.8,0.0,4.5,6.9,32.1
18,Kentucky,Anderson County,Census Tract 9504,1355,86.4,1.1,0.0,0.0,0.0,0.7,11.7,36.9
19,Kentucky,Ballard County,Census Tract 9501,1834,91.8,2.6,0.0,2.8,0.0,0.8,2.0,25.6
20,Kentucky,Ballard County,Census Tract 9502,600,85.8,12.7,0.0,0.5,0.0,0.0,1.0,21.2
21,Kentucky,Ballard County,Census Tract 9503,962,79.3,14.1,0.8,0.0,0.0,1.1,4.6,31.9
22,Kentucky,Barren County,Census Tract 9501,1442,84.7,5.1,0.0,0.4,0.0,2.6,7.2,25.8
23,Kentucky,Barren County,Census Tract 9502,1418,77.9,11.1,0.0,2.9,0.0,0.0,8.0,23.6
24,Kentucky,Barren County,Census Tract 9503,1993,80.1,12.4,0.0,1.5,0.0,2.7,3.3,21.5
25,Kentucky,Barren County,Census Tract 9504.01,1092,62.2,31.7,0.0,0.0,0.0,0.0,6.1,19.4
26,Kentucky,Barren County,Census Tract 9504.02,1124,66.5,20.0,0.0,0.0,0.0,1.9,11.6,20.5
27,Kentucky,Barren County,Census Tract 9505,1526,75.8,17.8,0.0,0.0,0.0,0.7,5.8,17.0
28,Kentucky,Barren County,Census Tract 9506.01,1166,75.9,13.0,0.0,5.9,0.3,0.0,4.8,24.4
29,Kentucky,Barren County,Census Tract 9506.02,1306,86.8,6.6,0.0,0.0,0.0,0.0,6.7,21.7
30,Kentucky,Barren County,Census Tract 9507.01,1086,85.5,11.8,0.2,0.0,0.0,0.0,2.6,15.9
31,Kentucky,Barren County,Census Tract 9507.02,1557,72.8,10.0,0.0,0.6,0.0,0.6,16.0,26.3
32,Kentucky,Barren County,Census Tract 9508,1528,79.3,5.4,0.0,0.0,0.0,3.4,12.0,26.3
33,Kentucky,Barren County,Census Tract 9509,1776,80.0,7.2,0.8,4.2,0.0,4.8,3.1,31.2
34,Kentucky,Barren County,Census Tract 9510,1258,72.1,11.4,4.6,3.6,0.0,0.0,8.3,26.7
35,Kentucky,Bath County,Census Tract 9701,805,78.1,8.4,0.2,6.1,0.0,0.6,6.5,32.6
36,Kentucky,Bath County,Census Tract 9702.01,1018,81.5,17.4,0.0,1.1,0.0,0.0,0.0,25.0
37,Kentucky,Bath County,Census Tract 9702.02,1692,77.5,12.4,0.0,0.2,0.0,0.2,9.7,27.7
38,Kentucky,Bath County,Census Tract 9703,1543,83.9,7.3,0.0,4.7,0.0,0.0,4.1,34.4
39,Kentucky,Bell County,Census Tract 9601,628,65.3,3.2,3.0,23.4,0.0,0.0,5.1,36.7
40,Kentucky,Bell County,Census Tract 9602,1049,82.6,6.9,0.0,6.0,0.0,1.0,3.5,24.5
41,Kentucky,Bell County,Census Tract 9603,776,80.7,14.8,0.0,0.0,0.0,0.0,4.5,20.8
42,Kentucky,Bell County,Census Tract 9604,348,87.4,0.0,0.0,1.1,0.0,0.0,11.5,41.7
43,Kentucky,Bell County,Census Tract 9605,412,89.6,5.3,0.0,0.0,0.0,0.0,5.1,22.0
44,Kentucky,Bell County,Census Tract 9606,1164,62.3,32.2,0.0,3.6,0.0,1.9,0.0,10.8
45,Kentucky,Bell County,Census Tract 9607,1047,62.0,20.1,0.0,6.6,0.0,0.0,11.4,21.9
46,Kentucky,Bell County,Census Tract 9608,833,65.8,24.8,0.0,7.2,2.2,0.0,0.0,19.1
47,Kentucky,Bell County,Census Tract 9611,815,75.5,19.5,0.0,1.7,0.0,0.0,3.3,27.2
48,Kentucky,Boone County,Census Tract 701.01,2021,79.8,6.8,1.2,0.0,0.0,1.1,11.1,31.7
49,Kentucky,Boone County,Census Tract 701.02,1552,81.2,14.8,0.6,0.0,0.0,0.2,3.2,16.9
50,Kentucky,Boone County,Census Tract 702.01,1695,86.5,4.7,1.7,0.1,0.6,0.8,5.6,21.0
51,Kentucky,Boone County,Census Tract 702.02,1664,72.8,15.3,5.0,0.0,0.0,4.0,2.9,17.4
52,Kentucky,Boone County,Census Tract 703.01,2400,74.3,17.8,1.0,0.0,0.0,1.3,5.7,26.2
53,Kentucky,Boone County,Census Tract 703.05,4410,78.6,6.8,0.0,2.3,0.0,1.0,11.2,27.5
54,Kentucky,Boone County,Census Tract 703.09,3475,70.2,6.0,0.0,0.0,0.0,0.8,23.1,23.7
55,Kentucky,Boone County,Census Tract 703.11,1311,85.0,12.7,0.0,0.1,0.0,0.1,2.1,22.0
56,Kentucky,Boone County,Census Tract 703.12,1771,77.9,4.9,0.0,0.0,0.0,0.9,16.3,18.1
57,Kentucky,Boone County,Census Tract 703.13,2051,78.7,1.9,0.2,0.0,1.4,0.3,17.5,22.8
58,Kentucky,Boone County,Census Tract 703.14,3236,81.9,5.5,0.3,0.0,0.0,1.8,10.5,23.9
59,Kentucky,Boone County,Census Tract 703.15,3518,70.2,13.0,0.0,0.0,0.0,0.8,15.9,21.2
60,Kentucky,Boone County,Census Tract 703.16,3406,72.0,3.1,0.0,0.0,0.0,5.8,19.1,30.7
61,Kentucky,Boone County,Census Tract 703.17,2519,75.3,10.5,0.3,0.0,0.0,0.9,13.0,20.7
62,Kentucky,Boone County,Census Tract 703.18,4403,80.3,6.3,0.0,0.0,0.0,0.6,12.8,30.5
63,Kentucky,Boone County,Census Tract 704.03,3790,81.6,5.4,0.0,0.0,0.0,0.0,13.1,26.7
64,Kentucky,Boone County,Census Tract 704.04,2190,73.2,12.4,0.8,0.0,0.0,1.1,12.6,22.3
65,Kentucky,Boone County,Census Tract 704.05,1116,76.2,0.7,0.0,0.0,0.0,0.0,23.1,31.0
66,Kentucky,Boone County,Census Tract 704.06,1513,83.3,6.5,0.0,0.0,0.0,3.6,6.6,22.6
67,Kentucky,Boone County,Census Tract 704.07,2044,68.3,14.1,0.0,0.0,0.0,0.1,17.4,22.0
68,Kentucky,Boone County,Census Tract 705.02,1894,77.6,13.5,0.0,1.2,0.0,0.2,7.6,28.8
69,Kentucky,Boone County,Census Tract 705.03,3692,80.3,2.9,0.0,0.0,0.4,5.0,11.3,20.9
70,Kentucky,Boone County,Census Tract 705.05,2121,76.1,4.9,0.7,0.0,0.0,2.8,15.5,27.2
71,Kentucky,Boone County,Census Tract 705.06,1700,63.2,4.9,0.0,0.0,0.0,4.8,27.1,20.7
72,Kentucky,Boone County,Census Tract 706.01,1366,81.6,4.0,0.0,0.0,0.0,0.0,14.4,25.8
73,Kentucky,Boone County,Census Tract 706.04,1334,76.0,2.8,0.0,0.7,0.0,1.3,19.2,29.2
74,Kentucky,Boone County,Census Tract 706.05,3175,76.1,1.0,1.0,0.5,0.0,3.2,18.2,26.7
75,Kentucky,Boone County,Census Tract 706.06,2244,76.5,11.1,1.0,1.2,0.0,0.0,10.2,29.0
76,Kentucky,Boone County,Census Tract 706.07,2151,83.1,5.0,0.0,0.0,0.0,0.0,11.9,27.9
77,Kentucky,Boone County,Census Tract 9801,8,100.0,0.0,0.0,0.0,0.0,0.0,0.0,
78,Kentucky,Bourbon County,Census Tract 301.01,929,69.5,5.4,0.0,11.6,5.1,3.7,4.7,25.2
79,Kentucky,Bourbon County,Census Tract 301.02,929,56.5,13.3,0.0,1.7,0.0,0.6,27.8,19.3
80,Kentucky,Bourbon County,Census Tract 302.01,1986,74.6,22.8,0.0,0.0,0.0,0.7,1.9,24.2
81,Kentucky,Bourbon County,Census Tract 302.02,809,76.3,9.9,0.0,0.5,0.0,0.0,13.3,23.6
82,Kentucky,Bourbon County,Census Tract 303,1649,77.6,8.2,1.2,0.8,0.0,0.9,11.3,22.6
83,Kentucky,Bourbon County,Census Tract 304,858,71.3,16.4,0.0,1.3,0.0,0.0,11.0,31.6
84,Kentucky,Bourbon County,Census Tract 305,955,81.5,4.8,0.0,1.6,0.0,2.1,10.1,23.7
85,Kentucky,Bourbon County,Census Tract 306,856,75.4,5.5,0.0,2.7,0.0,0.0,16.5,37.1
86,Kentucky,Boyd County,Census Tract 302,685,65.1,16.5,0.0,8.3,0.0,2.5,7.6,14.9
87,Kentucky,Boyd County,Census Tract 303,868,49.5,26.7,0.0,9.6,0.0,0.0,14.2,16.8
88,Kentucky,Boyd County,Census Tract 304,1173,80.4,12.4,0.5,4.3,0.0,1.5,0.9,28.2
89,Kentucky,Boyd County,Census Tract 305,1875,74.7,9.0,0.0,0.2,0.0,0.8,15.3,20.4
90,Kentucky,Boyd County,Census Tract 306,1405,90.4,3.6,0.6,0.6,0.0,0.7,4.1,23.5
91,Kentucky,Boyd County,Census Tract 307,1286,72.9,10.7,0.0,8.6,0.0,1.5,6.4,23.8
92,Kentucky,Boyd County,Census Tract 308,1512,71.5,10.6,0.0,11.7,0.0,3.2,2.9,15.8
93,Kentucky,Boyd County,Census Tract 309,2021,87.2,8.0,0.0,0.0,0.0,0.0,4.8,22.0
94,Kentucky,Boyd County,Census Tract 310.01,479,83.1,9.2,0.0,1.9,0.0,0.0,5.8,29.7
95,Kentucky,Boyd County,Census Tract 310.03,956,84.4,10.4,0.0,0.0,0.0,0.0,5.2,16.1
96,Kentucky,Boyd County,Census Tract 310.04,1597,89.4,4.6,0.0,0.0,0.0,0.0,6.0,23.8
97,Kentucky,Boyd County,Census Tract 311.01,2207,86.1,11.4,0.0,0.0,0.0,0.7,1.8,21.5
98,Kentucky,Boyd County,Census Tract 311.02,974,89.3,2.5,0.0,0.0,0.0,2.7,5.5,36.2
99,Kentucky,Boyd County,Census Tract 312,1273,85.8,9.0,0.0,0.0,0.0,0.2,5.0,21.7
100,Kentucky,Boyd County,Census Tract 313,625,84.0,6.9,1.8,0.5,0.0,0.3,6.6,18.4
101,Kentucky,Boyle County,Census Tract 9301,2567,77.6,13.6,0.0,2.3,0.0,0.7,5.9,16.6
102,Kentucky,Boyle County,Census Tract 9302,1970,76.5,7.6,0.5,0.0,0.0,1.1,14.3,23.3
103,Kentucky,Boyle County,Census Tract 9303,1347,52.1,5.6,0.0,30.1,0.0,0.6,11.6,13.3
104,Kentucky,Boyle County,Census Tract 9304,1737,80.0,9.4,0.0,0.6,0.0,0.0,10.0,21.5
105,Kentucky,Boyle County,Census Tract 9305,1571,88.5,1.1,0.0,0.0,0.0,0.0,10.3,21.9
106,Kentucky,Boyle County,Census Tract 9306,1722,78.7,5.0,0.0,0.3,0.0,1.3,14.6,24.9
107,Kentucky,Boyle County,Census Tract 9307,1923,85.1,5.9,0.0,2.8,0.0,0.7,5.5,27.5
108,Kentucky,Bracken County,Census Tract 9501,1173,84.2,10.9,0.0,1.5,0.0,0.1,3.2,29.5
109,Kentucky,Bracken County,Census Tract 9502,859,73.5,19.2,1.0,0.2,0.0,0.0,6.1,42.0
110,Kentucky,Bracken County,Census Tract 9503,1622,81.6,13.4,0.0,3.0,0.0,0.0,2.0,34.3
111,Kentucky,Breathitt County,Census Tract 9202,865,79.5,8.9,0.0,4.2,0.0,2.2,5.2,28.7
112,Kentucky,Breathitt County,Census Tract 9203.01,623,79.5,12.8,0.0,7.7,0.0,0.0,0.0,21.5
113,Kentucky,Breathitt County,Census Tract 9203.02,506,83.2,7.3,0.0,4.5,0.0,0.6,4.3,21.6
114,Kentucky,Breathitt County,Census Tract 9205,502,71.3,3.0,0.0,1.4,0.0,2.4,21.9,44.3
115,Kentucky,Breathitt County,Census Tract 9206,305,77.7,11.5,1.0,0.0,0.0,0.0,9.8,39.9
116,Kentucky,Breathitt County,Census Tract 9207,511,64.8,21.9,0.0,2.7,0.0,0.0,10.6,25.9
117,Kentucky,Breathitt County,Census Tract 9208,838,53.2,41.8,0.0,1.3,0.0,0.0,3.7,26.3
118,Kentucky,Breckinridge County,Census Tract 9601,2120,74.2,8.9,3.7,7.4,0.0,0.2,5.5,29.9
119,Kentucky,Breckinridge County,Census Tract 9602,2135,92.5,3.1,0.0,0.0,0.0,0.9,3.6,27.3
120,Kentucky,Breckinridge County,Census Tract 9603,1185,83.0,12.7,0.0,1.9,0.0,1.2,1.2,29.4
121,Kentucky,Breckinridge County,Census Tract 9604,646,81.7,12.4,0.0,0.6,0.0,0.0,5.3,30.7
122,Kentucky,Breckinridge County,Census Tract 9605.01,938,88.5,5.2,1.5,0.0,0.0,2.8,2.0,53.4
123,Kentucky,Breckinridge County,Census Tract 9605.02,1269,68.6,21.0,0.0,0.5,0.0,5.8,4.2,35.1
124,Kentucky,Bullitt County,Census Tract 201.01,2311,77.5,13.2,0.0,0.0,0.0,0.0,9.4,37.6
125,Kentucky,Bullitt County,Census Tract 201.02,1858,87.5,3.6,0.0,0.5,0.0,0.2,8.2,29.4
126,Kentucky,Bullitt County,Census Tract 201.03,1793,78.6,8.1,0.0,0.0,0.0,0.0,13.3,32.7
127,Kentucky,Bullitt County,Census Tract 202.01,3960,79.2,6.2,0.0,0.0,0.0,0.0,14.6,30.9
128,Kentucky,Bullitt County,Census Tract 202.02,2307,82.4,6.5,0.0,0.3,0.0,1.8,8.9,29.8
129,Kentucky,Bullitt County,Census Tract 203,2896,80.0,8.5,0.0,1.0,0.0,0.0,10.6,29.4
130,Kentucky,Bullitt County,Census Tract 204.01,722,75.2,8.3,0.0,0.0,0.0,0.0,16.5,22.8
131,Kentucky,Bullitt County,Census Tract 204.02,3467,82.1,6.8,0.0,0.3,0.0,0.0,10.8,26.0
132,Kentucky,Bullitt County,Census Tract 205.01,1767,73.2,12.4,0.0,0.0,0.0,0.7,13.7,23.1
133,Kentucky,Bullitt County,Census Tract 205.02,972,71.6,19.1,0.0,5.9,0.0,0.0,3.4,31.6
134,Kentucky,Bullitt County,Census Tract 206.01,2451,77.1,12.9,0.0,0.2,0.0,0.1,9.8,24.7
135,Kentucky,Bullitt County,Census Tract 206.02,873,83.5,5.8,0.0,1.1,0.0,0.9,8.6,26.9
136,Kentucky,Bullitt County,Census Tract 207.02,926,79.4,9.4,0.0,7.6,0.0,0.0,3.7,22.6
137,Kentucky,Bullitt County,Census Tract 207.03,2494,86.2,3.9,0.0,1.3,0.0,0.0,8.5,22.0
138,Kentucky,Bullitt County,Census Tract 207.04,1767,66.8,17.4,0.0,1.4,0.0,4.8,9.6,23.0
139,Kentucky,Bullitt County,Census Tract 208,1981,79.8,10.6,0.0,3.1,0.0,0.0,6.5,27.1
140,Kentucky,Bullitt County,Census Tract 209,1411,81.1,6.7,0.9,0.0,0.0,0.6,10.6,29.5
141,Kentucky,Bullitt County,Census Tract 211.02,2342,88.8,0.9,0.0,0.0,0.0,0.0,10.3,36.2
142,Kentucky,Bullitt County,Census Tract 211.03,574,89.4,2.1,0.0,3.3,0.7,0.0,4.5,30.2
143,Kentucky,Bullitt County,Census Tract 211.04,2348,83.2,7.5,0.0,0.0,0.0,0.0,9.3,24.0
144,Kentucky,Bullitt County,Census Tract 212,2358,79.0,11.5,0.0,0.8,0.0,1.1,7.6,35.5
145,Kentucky,Bullitt County,Census Tract 9801,0,,,,,,,,
146,Kentucky,Butler County,Census Tract 9301,1563,77.7,8.2,0.0,11.4,0.0,0.0,2.8,22.1
147,Kentucky,Butler County,Census Tract 9302,674,70.3,14.5,0.0,5.8,0.0,4.7,4.6,35.3
148,Kentucky,Butler County,Census Tract 9303.01,583,85.9,10.5,0.0,2.4,0.0,1.2,0.0,26.7
149,Kentucky,Butler County,Census Tract 9303.02,955,80.1,17.9,0.0,1.6,0.0,0.0,0.4,21.6
150,Kentucky,Butler County,Census Tract 9304,728,84.2,12.2,0.0,2.2,0.0,1.4,0.0,30.2
151,Kentucky,Butler County,Census Tract 9305,392,87.0,6.9,0.0,0.0,0.0,0.0,6.1,43.3
152,Kentucky,Caldwell County,Census Tract 9201,1329,81.7,10.8,0.0,3.5,0.0,0.2,3.9,29.2
153,Kentucky,Caldwell County,Census Tract 9202,2243,77.7,17.4,0.0,0.0,0.0,0.0,4.9,23.9
154,Kentucky,Caldwell County,Census Tract 9203.01,1016,76.8,15.4,0.0,4.7,0.0,0.0,3.1,16.7
155,Kentucky,Caldwell County,Census Tract 9203.02,712,92.6,2.8,0.0,1.0,0.0,0.7,2.9,27.8
156,Kentucky,Calloway County,Census Tract 101,2220,87.8,6.5,0.0,0.0,0.0,1.5,4.1,20.4
157,Kentucky,Calloway County,Census Tract 102,2113,87.0,9.5,0.7,0.0,0.0,0.5,2.2,20.1
158,Kentucky,Calloway County,Census Tract 103.01,870,16.7,5.2,0.0,68.9,0.0,0.6,8.7,6.6
159,Kentucky,Calloway County,Census Tract 103.03,1458,72.8,7.8,0.0,13.8,0.0,2.9,2.7,12.1
160,Kentucky,Calloway County,Census Tract 103.04,2023,82.8,3.5,0.0,4.4,0.0,0.5,8.7,12.6
161,Kentucky,Calloway County,Census Tract 104,1064,81.3,7.6,0.0,7.3,0.0,0.0,3.8,11.7
162,Kentucky,Calloway County,Census Tract 105,1640,83.9,8.3,0.1,2.3,0.6,0.9,3.8,16.9
163,Kentucky,Calloway County,Census Tract 106.01,1437,75.8,12.6,0.0,2.1,0.0,0.0,9.5,13.5
164,Kentucky,Calloway County,Census Tract 106.02,1979,80.6,11.2,0.0,0.0,0.6,0.5,7.1,17.3
165,Kentucky,Calloway County,Census Tract 107,1346,86.3,4.2,0.3,0.0,0.0,0.6,8.6,27.1
166,Kentucky,Calloway County,Census Tract 108,1220,69.5,18.5,0.0,1.8,0.0,0.0,10.2,27.4
167,Kentucky,Campbell County,Census Tract 501,549,58.1,3.5,0.0,22.2,0.0,2.9,13.3,28.5
168,Kentucky,Campbell County,Census Tract 504,1398,65.0,2.9,0.0,2.4,0.0,0.0,29.7,19.0
169,Kentucky,Campbell County,Census Tract 505,815,46.9,3.8,4.0,18.9,0.4,1.0,25.0,17.2
170,Kentucky,Campbell County,Census Tract 506,727,52.8,31.2,0.8,3.0,1.8,5.9,4.4,19.1
171,Kentucky,Campbell County,Census Tract 511.01,1449,65.4,9.0,1.1,7.2,0.7,2.8,13.7,21.0
172,Kentucky,Campbell County,Census Tract 511.02,874,78.3,9.8,0.0,0.3,0.0,0.0,11.6,21.4
173,Kentucky,Campbell County,Census Tract 512,495,64.4,19.8,0.2,5.9,0.0,0.8,8.9,24.8
174,Kentucky,Campbell County,Census Tract 513,2406,70.1,8.0,0.0,1.0,0.0,0.5,20.5,21.2
175,Kentucky,Campbell County,Census Tract 519.01,2641,82.2,6.5,0.9,0.0,0.0,0.8,9.7,30.1
176,Kentucky,Campbell County,Census Tract 519.03,3411,73.6,7.2,0.0,0.9,0.0,1.1,17.4,27.7
177,Kentucky,Campbell County,Census Tract 519.04,2242,69.3,9.9,0.0,0.4,0.0,0.0,20.4,28.5
178,Kentucky,Campbell County,Census Tract 520.01,3403,79.2,4.0,0.0,0.0,0.0,0.0,16.7,36.4
179,Kentucky,Campbell County,Census Tract 520.02,1213,77.4,7.9,0.0,0.0,0.0,0.6,14.1,33.4
180,Kentucky,Campbell County,Census Tract 521,1980,73.8,6.4,3.0,1.7,1.3,0.0,13.8,19.4
181,Kentucky,Campbell County,Census Tract 522,1299,72.5,8.5,0.0,0.8,0.0,0.8,17.3,18.1
182,Kentucky,Campbell County,Census Tract 523.01,2794,76.7,2.1,0.0,1.1,0.0,0.1,20.0,21.1
183,Kentucky,Campbell County,Census Tract 523.02,2387,71.9,10.7,1.3,0.9,0.0,0.9,14.4,20.6
184,Kentucky,Campbell County,Census Tract 524,1361,77.9,3.2,2.0,2.8,0.0,0.7,13.4,16.7
185,Kentucky,Campbell County,Census Tract 525,2598,70.7,8.0,1.7,2.0,0.0,1.0,16.6,21.1
186,Kentucky,Campbell County,Census Tract 528,1575,73.0,2.0,2.9,1.2,1.8,1.5,17.8,22.0
187,Kentucky,Campbell County,Census Tract 529,2894,66.1,11.6,1.1,1.3,0.0,0.1,19.8,23.2
188,Kentucky,Campbell County,Census Tract 531,2923,65.8,9.1,0.0,0.5,0.0,1.5,23.1,20.3
189,Kentucky,Campbell County,Census Tract 532,1626,64.8,5.2,1.4,1.5,0.0,0.0,27.1,20.2
190,Kentucky,Campbell County,Census Tract 533.01,2443,71.1,4.5,1.8,6.8,0.0,0.0,15.8,19.8
191,Kentucky,Campbell County,Census Tract 533.02,2331,79.4,4.5,0.0,3.9,0.7,2.5,9.0,19.9
192,Kentucky,Carlisle County,Census Tract 9601,790,81.8,11.5,0.0,0.0,0.0,0.6,6.1,24.6
193,Kentucky,Carlisle County,Census Tract 9602,669,84.3,12.1,0.0,1.0,0.0,0.0,2.5,28.9
194,Kentucky,Carlisle County,Census Tract 9603,607,90.8,1.5,2.1,0.0,0.0,1.8,3.8,24.7
195,Kentucky,Carroll County,Census Tract 9501,942,75.7,7.6,0.0,2.3,0.0,3.9,10.4,28.3
196,Kentucky,Carroll County,Census Tract 9502,2272,87.0,5.9,0.0,2.0,0.0,2.5,2.6,18.4
197,Kentucky,Carroll County,Census Tract 9503,1073,81.4,8.5,0.0,0.7,0.2,4.9,4.4,29.9
198,Kentucky,Carter County,Census Tract 9601,1054,77.5,17.6,0.0,1.1,0.0,0.0,3.7,31.3
199,Kentucky,Carter County,Census Tract 9602,1460,82.3,8.6,0.0,6.0,0.0,0.0,3.2,21.7
200,Kentucky,Carter County,Census Tract 9603,1437,82.8,13.6,0.0,0.0,0.0,0.0,3.5,40.8
201,Kentucky,Carter County,Census Tract 9604,623,91.8,4.0,0.0,0.0,0.0,0.0,4.2,40.0
202,Kentucky,Carter County,Census Tract 9605,1437,72.9,11.4,0.0,5.8,4.3,0.0,5.6,35.9
203,Kentucky,Carter County,Census Tract 9606.01,736,79.3,10.3,0.0,2.9,0.0,4.8,2.7,21.9
204,Kentucky,Carter County,Census Tract 9606.02,1463,70.3,16.2,0.0,7.5,0.0,0.8,5.2,18.2
205,Kentucky,Carter County,Census Tract 9607,1168,95.7,4.3,0.0,0.0,0.0,0.0,0.0,36.1
206,Kentucky,Casey County,Census Tract 9501,490,73.3,10.2,0.0,0.0,0.0,0.0,16.5,35.9
207,Kentucky,Casey County,Census Tract 9502,676,84.9,9.2,1.5,1.2,0.0,0.0,3.3,28.3
208,Kentucky,Casey County,Census Tract 9503.01,976,67.0,12.8,0.0,3.9,0.0,0.0,16.3,26.5
209,Kentucky,Casey County,Census Tract 9503.02,1127,73.9,12.2,1.3,5.9,0.0,0.4,6.3,26.3
210,Kentucky,Casey County,Census Tract 9504,1166,86.7,10.0,0.0,0.0,0.0,1.7,1.5,35.2
211,Kentucky,Casey County,Census Tract 9505,1105,58.3,14.8,0.0,4.6,5.7,0.4,16.2,25.0
212,Kentucky,Christian County,Census Tract 2001,1424,85.4,1.7,0.1,0.7,2.2,2.3,7.5,14.4
213,Kentucky,Christian County,Census Tract 2002,1211,80.4,8.3,0.0,2.1,0.0,7.8,1.4,26.9
214,Kentucky,Christian County,Census Tract 2003,1046,80.6,15.5,0.0,0.9,0.0,3.1,0.0,22.0
215,Kentucky,Christian County,Census Tract 2004,950,78.9,17.9,0.0,0.0,0.0,1.3,1.9,13.8
216,Kentucky,Christian County,Census Tract 2005,2429,84.9,10.1,0.0,2.3,0.0,0.0,2.7,19.2
217,Kentucky,Christian County,Census Tract 2006,1692,77.5,13.0,0.0,1.7,0.0,0.0,7.8,16.2
218,Kentucky,Christian County,Census Tract 2007,2529,85.7,7.7,0.0,1.0,0.0,0.0,5.6,25.6
219,Kentucky,Christian County,Census Tract 2008,702,74.9,23.5,0.0,1.0,0.0,0.0,0.6,28.0
220,Kentucky,Christian County,Census Tract 2009.01,1188,86.8,6.3,0.0,0.0,0.0,0.0,6.9,33.8
221,Kentucky,Christian County,Census Tract 2009.02,1438,90.1,1.5,0.0,0.0,0.0,0.3,8.1,21.2
222,Kentucky,Christian County,Census Tract 2010,937,87.3,3.8,0.0,0.3,1.2,0.0,7.4,26.6
223,Kentucky,Christian County,Census Tract 2011,1702,70.6,14.8,0.0,1.5,4.5,2.4,6.2,22.8
224,Kentucky,Christian County,Census Tract 2012,1191,68.5,17.0,0.0,4.2,3.8,1.1,5.5,21.7
225,Kentucky,Christian County,Census Tract 2013.01,1267,67.8,14.6,0.0,0.9,1.7,2.5,12.4,31.4
226,Kentucky,Christian County,Census Tract 2013.03,1638,79.7,15.8,0.0,2.7,0.0,0.0,1.8,28.0
227,Kentucky,Christian County,Census Tract 2013.04,1576,70.7,20.5,1.5,2.3,0.0,0.9,4.1,18.1
228,Kentucky,Christian County,Census Tract 2014,1264,76.3,10.9,0.0,0.9,0.0,3.8,8.1,21.7
229,Kentucky,Christian County,Census Tract 2015.01,1763,82.4,9.5,0.0,2.3,0.0,1.3,4.5,16.4
230,Kentucky,Christian County,Census Tract 2015.02,1526,86.4,3.0,0.0,2.8,4.1,1.8,1.9,12.7
231,Kentucky,Christian County,Census Tract 2015.03,3078,29.7,12.2,1.0,55.9,0.0,1.1,0.0,5.9
232,Kentucky,Christian County,Census Tract 9801,0,,,,,,,,
233,Kentucky,Clark County,Census Tract 201.01,2397,74.5,5.3,0.0,0.9,1.3,0.0,17.9,21.4
234,Kentucky,Clark County,Census Tract 201.03,1596,86.2,3.9,0.0,0.0,0.0,0.0,9.8,22.9
235,Kentucky,Clark County,Census Tract 201.05,1938,68.6,11.1,0.0,0.0,0.0,1.0,19.2,20.7
236,Kentucky,Clark County,Census Tract 201.06,1669,84.5,8.9,0.5,1.9,0.0,0.0,4.2,20.5
237,Kentucky,Clark County,Census Tract 202.01,1130,76.5,18.5,0.3,0.2,0.0,2.3,2.2,19.5
238,Kentucky,Clark County,Census Tract 202.02,1902,78.7,6.6,0.0,0.2,0.0,3.7,10.9,28.1
239,Kentucky,Clark County,Census Tract 203,1067,81.9,3.7,0.0,0.0,0.0,0.6,13.8,34.7
240,Kentucky,Clark County,Census Tract 204,1399,73.5,7.9,0.0,0.0,0.0,3.1,15.6,27.9
241,Kentucky,Clark County,Census Tract 205,990,86.0,3.2,0.0,0.0,0.0,0.6,10.2,26.0
242,Kentucky,Clark County,Census Tract 206,2119,79.6,7.9,0.0,0.0,0.0,0.0,12.5,25.2
243,Kentucky,Clay County,Census Tract 9501,385,78.4,10.9,0.0,5.7,0.0,0.0,4.9,25.8
244,Kentucky,Clay County,Census Tract 9502.01,863,80.0,11.2,0.0,0.0,0.0,0.0,8.8,25.1
245,Kentucky,Clay County,Census Tract 9502.02,1548,83.8,4.0,0.0,0.0,0.0,4.0,8.2,36.6
246,Kentucky,Clay County,Census Tract 9503.01,873,64.4,8.6,0.0,0.0,0.0,1.0,26.0,21.3
247,Kentucky,Clay County,Census Tract 9503.02,678,68.6,20.2,0.0,0.0,0.0,6.0,5.2,20.4
248,Kentucky,Clay County,Census Tract 9504,779,72.1,18.0,1.9,0.0,0.0,0.0,8.0,36.8
249,Kentucky,Clay County,Census Tract 9505,718,91.6,5.7,0.0,0.0,1.1,0.0,1.5,23.7
250,Kentucky,Clay County,Census Tract 9506,374,50.3,28.6,3.2,11.2,0.0,0.0,6.7,36.2
251,Kentucky,Clinton County,Census Tract 9701,1209,93.1,5.2,0.0,0.0,0.0,0.0,1.7,25.2
252,Kentucky,Clinton County,Census Tract 9702.02,1489,80.4,14.8,0.0,0.1,0.0,0.0,4.7,16.0
253,Kentucky,Clinton County,Census Tract 9702.03,529,71.1,13.0,0.0,0.0,0.0,0.9,14.9,21.1
254,Kentucky,Clinton County,Census Tract 9702.04,852,71.6,11.7,0.0,0.0,0.0,1.6,15.0,21.0
255,Kentucky,Crittenden County,Census Tract 9301,747,75.4,15.9,0.0,3.9,0.0,0.0,4.8,31.3
256,Kentucky,Crittenden County,Census Tract 9302,1494,66.3,24.5,0.0,1.8,0.0,0.0,7.4,21.8
257,Kentucky,Crittenden County,Census Tract 9303,517,60.2,25.7,0.0,5.8,0.0,4.8,3.5,21.4
258,Kentucky,Crittenden County,Census Tract 9304,516,92.1,5.2,0.0,0.0,0.0,0.0,2.7,27.0
259,Kentucky,Cumberland County,Census Tract 9501,1418,87.3,7.8,0.0,1.4,0.0,0.4,3.2,17.8
260,Kentucky,Cumberland County,Census Tract 9502,664,91.4,2.1,0.0,5.1,0.0,0.0,1.4,22.0
261,Kentucky,Daviess County,Census Tract 1,1109,92.7,4.5,0.0,1.4,0.0,0.0,1.4,22.9
262,Kentucky,Daviess County,Census Tract 2,904,75.1,14.9,0.0,1.4,0.4,0.7,7.4,17.1
263,Kentucky,Daviess County,Census Tract 3,634,84.5,1.7,3.0,2.2,5.4,0.0,3.2,15.8
264,Kentucky,Daviess County,Census Tract 4.01,1959,78.9,9.5,0.0,5.7,2.0,0.0,3.9,16.3
265,Kentucky,Daviess County,Census Tract 4.02,726,77.0,6.2,1.9,1.9,9.0,0.0,4.0,15.5
266,Kentucky,Daviess County,Census Tract 5,974,82.2,6.0,0.5,8.2,0.0,0.7,2.4,16.9
267,Kentucky,Daviess County,Census Tract 6,2960,85.9,4.0,1.8,3.5,0.0,0.1,4.7,16.9
268,Kentucky,Daviess County,Census Tract 7,1830,74.2,14.2,0.0,1.0,0.0,0.0,10.6,14.7
269,Kentucky,Daviess County,Census Tract 8,1575,78.2,14.4,0.6,2.7,0.0,0.6,3.5,17.3
270,Kentucky,Daviess County,Census Tract 9,1954,91.8,3.7,0.0,0.0,0.0,0.2,4.3,16.7
271,Kentucky,Daviess County,Census Tract 10,1678,81.8,8.4,0.0,0.0,0.0,0.6,9.2,14.7
272,Kentucky,Daviess County,Census Tract 11,1309,68.6,7.6,2.0,3.2,0.0,0.6,18.0,15.2
273,Kentucky,Daviess County,Census Tract 12,1646,84.1,8.4,0.0,0.0,0.0,0.3,7.2,19.0
274,Kentucky,Daviess County,Census Tract 13,3378,88.0,4.3,0.0,0.4,1.1,0.2,5.9,21.3
275,Kentucky,Daviess County,Census Tract 14.01,2877,84.2,7.7,0.0,1.4,0.0,0.6,6.1,16.3
276,Kentucky,Daviess County,Census Tract 14.02,2493,83.8,9.0,0.0,0.0,0.0,0.0,7.2,21.7
277,Kentucky,Daviess County,Census Tract 15.01,1454,83.2,10.2,0.0,0.6,0.0,2.3,3.8,23.1
278,Kentucky,Daviess County,Census Tract 15.02,1568,90.5,5.5,0.0,0.0,0.0,0.0,4.0,28.3
279,Kentucky,Daviess County,Census Tract 16.01,2441,78.3,6.1,0.0,2.5,0.0,0.0,13.1,19.4
280,Kentucky,Daviess County,Census Tract 16.02,2221,82.8,6.0,0.0,1.1,0.0,0.0,10.1,27.7
281,Kentucky,Daviess County,Census Tract 17.01,3728,85.6,9.3,0.0,0.0,0.0,0.9,4.2,17.1
282,Kentucky,Daviess County,Census Tract 17.02,1636,91.9,3.5,0.0,2.0,0.0,0.0,2.6,18.9
283,Kentucky,Daviess County,Census Tract 17.03,2850,89.1,3.7,2.9,0.6,0.0,0.0,3.7,20.8
284,Kentucky,Daviess County,Census Tract 18,3194,87.7,7.8,0.0,0.0,0.0,0.6,3.9,22.2
285,Kentucky,Edmonson County,Census Tract 9202,1428,74.8,14.1,0.0,5.7,0.0,0.1,5.3,31.4
286,Kentucky,Edmonson County,Census Tract 9203,392,94.9,2.0,0.0,0.0,0.0,0.0,3.1,46.8
287,Kentucky,Edmonson County,Census Tract 9204.01,1115,73.4,19.9,0.0,1.2,0.0,0.0,5.6,30.2
288,Kentucky,Edmonson County,Census Tract 9204.02,1615,75.5,12.8,0.0,0.4,0.0,0.1,11.2,33.2
289,Kentucky,Edmonson County,Census Tract 9801,44,0.0,0.0,0.0,79.5,0.0,0.0,20.5,
290,Kentucky,Elliott County,Census Tract 9201.01,653,75.0,23.0,0.0,0.0,0.0,0.0,2.0,46.6
291,Kentucky,Elliott County,Census Tract 9201.02,701,86.9,1.9,0.0,1.3,0.0,0.0,10.0,33.7
292,Kentucky,Elliott County,Census Tract 9202,609,81.3,8.2,0.7,0.0,0.0,0.0,9.9,43.0
293,Kentucky,Estill County,Census Tract 9201,373,80.4,15.3,1.6,0.3,0.0,0.0,2.4,39.7
294,Kentucky,Estill County,Census Tract 9202.01,579,78.6,7.6,0.0,0.0,0.0,0.0,13.8,34.1
295,Kentucky,Estill County,Census Tract 9202.02,1520,67.2,12.4,0.0,8.2,2.6,3.8,5.7,28.5
296,Kentucky,Estill County,Census Tract 9203.01,614,83.6,10.9,0.0,3.1,0.0,1.5,1.0,49.0
297,Kentucky,Estill County,Census Tract 9203.02,1426,78.3,5.5,0.0,5.2,0.0,1.3,9.8,35.7
298,Kentucky,Estill County,Census Tract 9204,436,86.5,7.1,0.0,0.5,0.0,0.0,6.0,34.4
299,Kentucky,Fayette County,Census Tract 1.01,1726,44.1,14.2,1.3,27.7,0.0,0.8,11.9,30.3
300,Kentucky,Fayette County,Census Tract 1.02,882,58.2,2.0,2.0,13.7,12.7,0.7,10.7,15.4
301,Kentucky,Fayette County,Census Tract 2,1253,50.2,10.0,5.1,15.6,2.2,0.2,16.8,16.2
302,Kentucky,Fayette County,Census Tract 3,1407,57.0,12.5,2.3,7.4,2.0,0.0,18.8,17.7
303,Kentucky,Fayette County,Census Tract 4,626,82.3,1.6,6.7,0.8,2.4,0.0,6.2,18.2
304,Kentucky,Fayette County,Census Tract 5,1729,73.9,2.3,0.0,1.4,3.9,0.8,17.7,16.9
305,Kentucky,Fayette County,Census Tract 6,2399,70.8,2.3,0.0,9.8,1.6,3.1,12.4,21.3
306,Kentucky,Fayette County,Census Tract 7,1287,65.3,0.9,1.2,12.0,1.4,0.0,19.3,20.5
307,Kentucky,Fayette County,Census Tract 8.01,996,42.3,5.0,1.1,36.4,0.3,0.3,14.6,14.0
308,Kentucky,Fayette County,Census Tract 8.02,1893,52.0,2.9,3.8,29.3,1.4,1.4,9.1,12.8
309,Kentucky,Fayette County,Census Tract 9,3044,71.0,2.5,5.2,16.3,0.0,0.0,5.0,13.5
310,Kentucky,Fayette County,Census Tract 10,1018,75.3,6.7,0.4,7.1,0.2,4.5,5.8,20.3
311,Kentucky,Fayette County,Census Tract 11,2245,60.5,31.5,1.2,1.0,0.0,0.0,5.7,19.5
312,Kentucky,Fayette County,Census Tract 13,1165,51.5,25.8,6.6,1.3,0.0,12.2,2.7,20.9
313,Kentucky,Fayette County,Census Tract 14,1161,75.8,5.1,1.6,6.7,0.0,2.7,8.1,25.2
314,Kentucky,Fayette County,Census Tract 15,856,74.8,11.9,0.5,1.2,0.0,2.6,9.1,19.5
315,Kentucky,Fayette County,Census Tract 16,1230,69.6,7.7,1.5,1.2,0.0,6.3,13.7,19.2
316,Kentucky,Fayette County,Census Tract 17,1094,78.2,3.5,3.0,0.0,0.9,0.0,14.4,15.9
317,Kentucky,Fayette County,Census Tract 18,1256,61.5,4.5,2.3,21.6,0.9,4.8,4.5,18.9
318,Kentucky,Fayette County,Census Tract 19,2678,61.1,15.3,5.0,10.9,0.0,2.6,5.0,15.5
319,Kentucky,Fayette County,Census Tract 20.01,2781,82.4,9.5,1.3,5.0,0.0,0.0,1.8,23.0
320,Kentucky,Fayette County,Census Tract 20.02,1047,76.4,15.1,2.0,0.8,0.0,0.8,5.0,17.1
321,Kentucky,Fayette County,Census Tract 22,1027,82.4,3.3,0.0,0.0,0.0,0.0,14.3,19.0
322,Kentucky,Fayette County,Census Tract 23.02,2573,79.1,6.0,0.0,1.0,0.0,0.0,14.0,15.9
323,Kentucky,Fayette County,Census Tract 23.03,2053,68.2,8.0,1.3,0.8,1.8,0.0,19.9,18.6
324,Kentucky,Fayette County,Census Tract 23.04,1362,82.0,2.1,0.0,0.0,0.0,0.0,15.9,14.3
325,Kentucky,Fayette County,Census Tract 24,2244,50.5,3.7,16.2,8.1,3.8,2.8,14.9,17.9
326,Kentucky,Fayette County,Census Tract 25,2142,82.9,3.5,0.5,2.7,0.6,0.5,9.3,19.8
327,Kentucky,Fayette County,Census Tract 26,2626,70.8,16.4,0.8,0.0,0.6,0.0,11.4,16.7
328,Kentucky,Fayette County,Census Tract 27,2047,72.2,7.4,7.8,3.3,1.1,2.3,5.9,19.5
329,Kentucky,Fayette County,Census Tract 28,2065,68.0,8.7,0.4,0.6,0.0,0.0,22.3,16.9
330,Kentucky,Fayette County,Census Tract 29,2334,78.2,5.0,0.0,0.0,2.2,2.0,12.6,16.2
331,Kentucky,Fayette County,Census Tract 30,2360,76.1,16.2,2.8,0.0,0.0,0.6,4.4,20.8
332,Kentucky,Fayette County,Census Tract 31.01,1328,83.8,7.5,1.3,0.2,0.0,5.9,1.4,19.7
333,Kentucky,Fayette County,Census Tract 31.02,1058,80.9,1.2,3.2,0.0,1.8,3.6,9.3,25.8
334,Kentucky,Fayette County,Census Tract 32.01,935,77.9,8.9,0.0,1.6,0.0,0.6,11.0,17.2
335,Kentucky,Fayette County,Census Tract 32.02,3421,66.4,20.5,0.5,5.4,0.0,1.0,6.2,23.5
336,Kentucky,Fayette County,Census Tract 33,1373,72.4,13.2,2.2,3.4,0.0,0.0,8.9,19.4
337,Kentucky,Fayette County,Census Tract 34.02,2668,77.3,9.9,0.0,0.9,0.0,0.6,11.3,20.1
338,Kentucky,Fayette County,Census Tract 34.04,1842,67.3,11.5,2.1,0.0,0.0,0.0,19.2,24.5
339,Kentucky,Fayette County,Census Tract 34.05,2847,78.9,9.6,2.9,0.0,0.0,0.0,8.6,31.1
340,Kentucky,Fayette County,Census Tract 34.06,3109,82.7,6.6,0.0,0.5,0.0,0.0,10.3,26.4
341,Kentucky,Fayette County,Census Tract 34.07,2820,73.3,9.4,1.9,0.4,0.0,2.4,12.5,20.2
342,Kentucky,Fayette County,Census Tract 35.01,2191,76.1,10.9,1.4,1.1,0.0,2.1,8.4,20.8
343,Kentucky,Fayette County,Census Tract 35.03,1872,71.7,10.7,4.1,1.2,0.0,0.0,12.2,17.7
344,Kentucky,Fayette County,Census Tract 35.04,2133,73.8,6.6,0.8,0.0,0.0,1.7,17.2,25.1
345,Kentucky,Fayette County,Census Tract 36,2081,69.2,4.3,0.3,0.3,0.0,0.6,25.2,19.3
346,Kentucky,Fayette County,Census Tract 37.01,529,75.4,7.2,0.0,1.7,0.9,2.3,12.5,19.9
347,Kentucky,Fayette County,Census Tract 37.02,2246,84.3,6.6,0.0,0.2,0.0,0.6,8.3,21.1
348,Kentucky,Fayette County,Census Tract 37.03,2914,85.9,3.0,0.0,2.1,1.2,0.0,7.8,18.7
349,Kentucky,Fayette County,Census Tract 37.04,4797,78.5,5.2,0.2,0.0,0.6,0.0,15.5,19.9
350,Kentucky,Fayette County,Census Tract 38.02,851,64.5,10.9,0.0,1.4,0.0,0.7,22.4,24.0
351,Kentucky,Fayette County,Census Tract 38.03,1907,77.3,4.5,0.0,0.6,0.0,0.4,17.3,24.1
352,Kentucky,Fayette County,Census Tract 38.04,3468,76.2,10.1,6.3,4.9,0.0,0.0,2.5,21.2
353,Kentucky,Fayette County,Census Tract 39.06,2589,81.0,3.7,0.0,0.0,0.0,1.0,14.3,23.2
354,Kentucky,Fayette County,Census Tract 39.08,4181,78.9,4.3,0.0,0.5,0.0,1.2,15.1,20.4
355,Kentucky,Fayette County,Census Tract 39.09,1689,81.6,9.8,0.0,0.0,0.0,0.0,8.6,21.7
356,Kentucky,Fayette County,Census Tract 39.10,1621,74.1,19.9,0.0,0.5,0.0,2.0,3.6,22.6
357,Kentucky,Fayette County,Census Tract 39.11,1993,61.1,25.1,3.4,1.1,0.0,0.0,9.3,24.5
358,Kentucky,Fayette County,Census Tract 39.12,2770,72.6,5.6,0.0,0.9,0.0,0.0,20.9,21.9
359,Kentucky,Fayette County,Census Tract 39.13,4600,79.5,6.0,0.0,0.6,0.0,0.6,13.4,21.7
360,Kentucky,Fayette County,Census Tract 39.14,1297,73.5,5.7,11.5,2.6,0.0,0.3,6.4,22.7
361,Kentucky,Fayette County,Census Tract 39.15,2808,75.0,6.8,0.5,0.0,0.0,2.2,15.5,25.5
362,Kentucky,Fayette County,Census Tract 39.16,275,76.0,0.0,0.0,0.0,0.0,0.0,24.0,20.6
363,Kentucky,Fayette County,Census Tract 39.17,1185,71.8,9.5,0.0,4.1,0.0,0.0,14.5,23.3
364,Kentucky,Fayette County,Census Tract 39.18,1553,74.1,2.6,0.0,1.4,0.0,3.3,18.6,25.2
365,Kentucky,Fayette County,Census Tract 40.01,3227,76.4,14.3,1.1,0.0,0.0,1.7,6.6,24.0
366,Kentucky,Fayette County,Census Tract 40.03,3280,81.9,9.5,0.0,0.3,0.0,2.2,6.2,22.0
367,Kentucky,Fayette County,Census Tract 40.05,719,81.5,8.9,0.0,1.7,0.0,0.0,7.9,23.6
368,Kentucky,Fayette County,Census Tract 40.06,604,75.8,3.6,0.2,0.2,0.0,0.0,20.2,18.9
369,Kentucky,Fayette County,Census Tract 40.07,1017,71.5,11.9,0.5,2.2,0.0,0.0,14.0,21.9
370,Kentucky,Fayette County,Census Tract 41.03,1127,73.0,13.8,1.1,3.7,0.0,0.0,8.4,24.2
